1
7,34,14
6,38,10
5,35,11
4,22,15
3,36,14
2,35,12
1,32,12
2
7,29,6
6,29,11
5,27,12
4,15,8
3,33,5
2,27,8
1,25,10
3
7,22,8
6,24,6
5,24,5
4,10,5
3,26,9
2,20,8
1,22,6
4
7,19,4
6,16,9
5,23,3
4,8,3
3,21,7
2,18,4
1,20,5
5
7,14,7
6,12,5
5,17,7
4,8,1
3,17,4
2,11,7
1,21,3
6
7,14,1
6,11,3
5,15,2
4,6,4
3,13,4
2,8,3
1,20,4
7
7,14,1
6,6,5
5,13,2
4,4,2
3,12,2
2,8,0
1,17,4
8
7,14,1
6,6,0
5,12,1
4,2,2
3,8,4
2,7,1
1,15,3
9
7,13,1
6,4,2
5,8,4
4,2,0
3,6,3
2,6,1
1,15,1
10
7,9,4
6,4,0
5,8,0
4,2,0
3,7,0
2,4,2
1,14,4
11
7,8,1
6,4,0
5,8,0
4,2,0
3,6,1
2,4,0
1,10,5
12
7,6,2
6,4,0
5,8,0
4,2,0
3,6,0
2,3,1
1,8,3
13
7,6,0
6,4,0
5,7,1
4,1,1
3,6,0
2,2,1
1,7,1
14
7,6,0
6,4,0
5,6,1
4,1,0
3,6,0
2,1,1
1,7,0
15
7,6,0
6,4,0
5,5,1
4,1,0
3,6,0
2,1,0
1,8,0
16
7,5,1
6,3,1
5,5,0
4,1,0
3,5,1
2,1,0
1,6,2
17
7,5,0
6,3,0
5,4,1
4,1,0
3,5,0
2,1,0
1,5,1
18
7,5,0
6,3,0
5,4,0
4,1,0
3,5,0
2,1,0
1,3,2
19
7,5,0
6,3,1
5,4,0
4,1,0
3,5,0
2,1,0
1,2,1
20
7,5,0
6,3,1
5,4,0
4,1,0
3,4,1
2,1,0
1,2,0
21
7,2,3
6,3,0
5,4,0
4,1,0
3,3,1
2,1,0
1,2,0
22
7,2,0
6,3,0
5,4,0
4,1,0
3,2,1
2,1,0
1,2,0
23
7,2,0
6,2,1
5,4,0
4,1,0
3,2,0
2,1,0
1,2,0
24
7,2,0
6,2,0
5,4,0
4,1,0
3,2,0
2,1,0
1,2,0
25
7,2,0
6,2,0
5,3,1
4,1,0
3,2,0
2,1,0
1,2,0
26
7,2,0
6,2,0
5,2,1
4,1,0
3,2,0
2,1,0
1,2,0
27
7,2,0
6,2,0
5,2,0
4,1,0
3,2,0
2,1,0
1,1,1
28
7,2,0
6,2,0
5,2,0
4,1,0
3,2,0
2,1,0
1,0,1
29
7,2,0
6,2,0
5,2,0
4,1,0
3,2,0
2,1,0
30
7,0,2
6,2,0
5,1,1
4,0,1
3,1,1
2,1,0
31
6,2,0
5,1,0
3,1,0
2,1,0
32
6,2,0
5,1,0
3,1,0
2,1,0
33
6,1,1
5,0,1
3,1,0
2,1,0
34
6,0,1
3,1,0
2,1,0
35
3,1,0
2,1,0
36
3,1,0
2,1,0
37
3,1,0
2,1,0
38
3,1,0
2,1,0
39
3,1,0
2,1,0
40
3,1,0
2,1,0
41
3,1,0
2,0,1
42
3,1,0
43
3,1,0
44
3,0,1
45
