1:
2:
1,77,19,1.0
2,62,21,1.0
3,65,27,1.0
4,75,11,1.0
5,85,17,1.0
6,81,15,1.0
7,72,13,1.0
3:
1,67,41,0.9629629629629629
2,44,49,1.0
3,68,36,0.9711538461538461
4,65,43,0.9907407407407407
5,83,44,0.9606299212598425
6,80,39,0.957983193277311
7,61,43,1.0
4:
1,61,37,0.9591836734693877
2,38,30,0.9852941176470589
3,53,45,0.9489795918367347
4,46,44,0.9666666666666667
5,70,51,0.9669421487603306
6,68,43,0.8918918918918919
7,52,38,0.9666666666666667
5:
1,50,37,0.9770114942528736
2,33,26,0.8983050847457628
3,52,26,0.9871794871794872
4,39,30,0.9855072463768116
5,75,41,0.9568965517241379
6,66,34,0.93
7,51,33,0.9761904761904762
6:
1,54,24,0.9358974358974359
2,38,16,0.9444444444444444
3,45,29,0.9459459459459459
4,42,15,0.9649122807017544
5,75,42,0.9487179487179487
6,64,32,0.90625
7,42,36,0.9743589743589743
7:
1,63,26,0.9438202247191011
2,35,19,0.9259259259259259
3,43,25,0.9558823529411765
4,37,27,0.921875
5,73,49,0.9590163934426229
6,65,36,0.9504950495049505
7,42,28,0.9857142857142858
8:
1,80,22,0.9313725490196079
2,30,25,0.8909090909090909
3,36,25,0.9508196721311475
4,38,19,0.9649122807017544
5,85,38,0.943089430894309
6,64,37,0.9405940594059405
7,37,33,0.9571428571428572
9:
1,76,46,0.9098360655737705
2,41,9,0.96
3,31,22,0.9056603773584906
4,47,18,0.9692307692307692
5,86,48,0.9552238805970149
6,64,33,0.9484536082474226
7,36,29,0.9076923076923077
10:
1,75,51,0.9047619047619048
2,46,17,0.8888888888888888
3,39,16,0.9090909090909091
4,53,24,0.948051948051948
5,84,57,0.9432624113475178
6,54,39,0.956989247311828
7,30,27,0.9298245614035088
11:
1,81,45,0.9444444444444444
2,55,16,0.8873239436619719
3,36,24,0.9166666666666666
4,60,26,0.9186046511627907
5,93,50,0.951048951048951
6,56,22,1.0
7,25,24,0.8979591836734694
12:
1,90,55,0.9586206896551724
2,62,25,0.9425287356321839
3,45,14,0.9322033898305084
4,52,42,0.9468085106382979
5,89,68,0.9554140127388535
6,60,28,0.9659090909090909
7,21,18,1.0
13:
1,97,53,0.9533333333333334
2,60,32,0.9456521739130435
3,47,22,0.9420289855072463
4,58,34,0.9347826086956522
5,81,63,0.9375
6,63,31,0.9787234042553191
7,13,17,1.0
14:
1,96,69,0.9696969696969697
2,69,26,0.968421052631579
3,47,26,0.9452054794520548
4,74,29,0.941747572815534
5,76,56,0.9545454545454546
6,60,38,0.9795918367346939
7,17,8,1.0
15:
1,101,66,0.9820359281437125
2,64,40,0.9807692307692307
3,48,28,0.9473684210526315
4,86,35,0.9421487603305785
5,63,63,0.9365079365079365
6,57,42,0.9797979797979798
7,19,12,0.967741935483871
16:
1,114,66,0.9666666666666667
2,62,47,0.9724770642201835
3,44,27,0.9436619718309859
4,89,50,0.9496402877697842
5,67,33,0.92
6,50,39,0.9775280898876404
7,19,14,0.9393939393939394
17:
1,137,60,0.9543147208121827
2,60,41,1.0
3,47,25,0.9305555555555556
4,97,54,0.9205298013245033
5,68,39,0.9065420560747663
6,47,37,0.9523809523809523
7,18,12,0.9333333333333333
18:
1,140,89,0.9737991266375546
2,49,48,1.0
3,41,27,0.9411764705882353
4,101,59,0.96875
5,58,49,0.9345794392523364
6,49,26,0.96
7,16,12,1.0
19:
1,150,86,0.9533898305084746
2,49,31,0.9875
3,38,25,0.9365079365079365
4,107,53,0.94375
5,64,34,0.9591836734693877
6,52,24,0.9605263157894737
7,14,15,0.896551724137931
20:
1,158,92,0.956
2,43,37,0.975
3,29,28,0.9473684210526315
4,108,63,0.9239766081871345
5,70,43,0.9203539823008849
6,44,37,0.9382716049382716
7,18,8,1.0
21:
1,177,86,0.9505703422053232
2,38,32,0.9714285714285714
3,25,18,0.9534883720930233
4,108,61,0.9704142011834319
5,68,44,0.9285714285714286
6,43,30,0.8767123287671232
7,16,13,0.9655172413793104
22:
1,182,102,0.954225352112676
2,27,36,0.9047619047619048
3,23,15,1.0
4,103,66,0.9881656804733728
5,72,40,0.9732142857142857
6,48,25,0.9178082191780822
7,15,13,0.8928571428571429
23:
1,188,103,0.9450171821305842
2,25,25,1.0
3,18,15,0.9393939393939394
4,102,69,0.9824561403508771
5,78,42,0.95
6,50,28,0.9615384615384616
7,10,11,0.9523809523809523
24:
1,180,126,0.9509803921568627
2,27,22,0.9591836734693877
3,15,13,0.9642857142857143
4,103,62,0.9818181818181818
5,79,50,0.9612403100775194
6,56,27,0.9036144578313253
7,11,5,1.0
25:
1,198,102,0.9533333333333334
2,27,19,0.9565217391304348
3,11,13,0.9583333333333334
4,97,67,0.975609756097561
5,79,53,0.9772727272727273
6,51,45,0.9479166666666666
7,9,9,1.0
26:
1,200,119,0.9467084639498433
2,31,18,0.9183673469387755
3,13,6,0.9473684210526315
4,90,66,0.9871794871794872
5,86,47,0.924812030075188
6,50,36,0.9534883720930233
7,7,7,0.9285714285714286
27:
1,193,120,0.952076677316294
2,18,29,0.9148936170212766
3,9,9,1.0
4,80,71,0.9337748344370861
5,75,64,0.935251798561151
6,60,30,0.9666666666666667
7,2,7,0.7777777777777778
28:
1,189,124,0.9552715654952076
2,20,13,0.9090909090909091
3,8,6,1.0
4,92,55,0.9183673469387755
5,77,51,0.9375
6,62,38,0.97
7,2,3,0.8
29:
1,208,104,0.9487179487179487
2,25,14,0.9487179487179487
3,5,8,1.0
4,93,61,0.9285714285714286
5,84,48,0.9393939393939394
6,68,38,0.9056603773584906
7,1,4,1.0
30:
1,208,117,0.9569230769230769
2,15,24,0.9487179487179487
3,7,2,0.8888888888888888
4,87,70,0.9363057324840764
5,92,53,0.9103448275862069
6,66,47,0.9292035398230089
7,0,3,1.0
31:
1,211,118,0.9665653495440729
2,14,10,0.9583333333333334
3,6,6,1.0
4,88,56,0.9444444444444444
5,92,59,0.9205298013245033
6,69,46,0.9652173913043478
32:
1,203,131,0.9610778443113772
2,12,14,0.9615384615384616
3,7,3,1.0
4,97,54,0.9470198675496688
5,100,54,0.9285714285714286
6,80,47,0.952755905511811
33:
1,215,109,0.9537037037037037
2,9,11,1.0
3,9,1,0.9
4,98,64,0.9135802469135802
5,103,59,0.9567901234567902
6,77,59,0.9191176470588235
34:
1,207,139,0.9421965317919075
2,9,7,0.9375
3,11,0,0.9090909090909091
4,102,62,0.9329268292682927
5,103,61,0.9817073170731707
6,76,53,0.9844961240310077
35:
1,211,125,0.9494047619047619
2,9,6,0.9333333333333333
3,12,6,0.8888888888888888
4,104,58,0.9135802469135802
5,98,64,0.9753086419753086
6,74,55,0.9922480620155039
36:
1,219,127,0.9508670520231214
2,9,6,1.0
3,11,5,1.0
4,106,73,0.9273743016759777
5,96,58,0.948051948051948
6,74,46,0.975
37:
1,232,131,0.9449035812672176
2,10,7,1.0
3,8,7,0.9333333333333333
4,92,71,0.9447852760736196
5,80,69,0.9463087248322147
6,76,41,0.9572649572649573
38:
1,217,159,0.9601063829787234
2,9,7,1.0
3,8,6,1.0
4,90,59,0.9731543624161074
5,89,44,0.9473684210526315
6,77,46,0.943089430894309
39:
1,208,153,0.9667590027700831
2,8,7,1.0
3,6,8,1.0
4,91,55,0.958904109589041
5,87,59,0.9383561643835616
6,85,41,0.9761904761904762
40:
1,212,130,0.956140350877193
2,10,4,0.9285714285714286
3,7,2,1.0
4,91,58,0.959731543624161
5,85,59,0.9375
6,82,60,0.9436619718309859
41:
1,220,126,0.953757225433526
2,9,6,0.8666666666666667
3,7,5,1.0
4,86,61,0.9387755102040817
5,84,60,0.9444444444444444
6,86,44,0.9461538461538461
42:
1,197,161,0.9497206703910615
2,12,5,0.8235294117647058
3,7,4,1.0
4,79,67,0.9178082191780822
5,89,52,0.9574468085106383
6,91,48,0.935251798561151
43:
1,197,139,0.9613095238095238
2,9,9,1.0
3,7,4,1.0
4,71,63,0.9552238805970149
5,84,63,0.9523809523809523
6,84,54,0.9637681159420289
44:
1,214,121,0.9552238805970149
2,10,4,0.9285714285714286
3,5,6,0.9090909090909091
4,76,53,0.9534883720930233
5,95,54,0.9463087248322147
6,88,49,0.9781021897810219
45:
1,227,127,0.9491525423728814
2,10,6,0.9375
3,7,2,0.8888888888888888
4,81,46,0.952755905511811
5,80,75,0.9612903225806452
6,82,56,0.9637681159420289
46:
1,239,128,0.9536784741144414
2,9,5,1.0
3,6,4,0.7
4,78,58,0.9558823529411765
5,77,69,0.9657534246575342
6,84,48,0.9545454545454546
47:
1,245,135,0.9526315789473684
2,10,4,0.9285714285714286
3,4,4,0.625
4,78,54,0.946969696969697
5,76,59,0.9555555555555556
6,83,50,0.9624060150375939
48:
1,255,130,0.9454545454545454
2,5,8,1.0
3,4,4,0.875
4,76,57,0.9398496240601504
5,77,47,0.9435483870967742
6,76,54,0.9538461538461539
49:
1,249,154,0.9528535980148883
2,7,3,0.9
3,7,3,1.0
4,72,57,0.9689922480620154
5,71,51,0.9590163934426229
6,66,52,0.9745762711864406
50:
1,250,152,0.9328358208955224
2,3,9,1.0
3,4,9,1.0
4,67,54,0.9504132231404959
5,65,48,0.9292035398230089
6,72,46,0.9322033898305084
51:
1,260,141,0.9551122194513716
2,3,5,1.0
3,6,5,1.0
4,73,51,0.9032258064516129
5,68,40,0.9444444444444444
6,77,42,0.9327731092436975
52:
1,260,146,0.9482758620689655
2,5,2,1.0
3,7,5,0.9166666666666666
4,84,49,0.924812030075188
5,80,29,0.9174311926605505
6,72,48,0.975
53:
1,256,157,0.9661016949152542
2,2,5,1.0
3,2,10,0.8333333333333334
4,89,59,0.8851351351351351
5,70,54,0.9354838709677419
6,68,49,0.9572649572649573
54:
1,263,149,0.9538834951456311
2,2,1,1.0
3,7,1,1.0
4,85,67,0.9407894736842105
5,63,45,0.9351851851851852
6,72,38,0.9272727272727272
55:
1,263,162,0.971764705882353
2,0,2,1.0
3,6,6,0.75
4,87,66,0.9411764705882353
5,65,35,0.93
6,63,54,0.9572649572649573
56:
1,278,141,0.9570405727923628
3,3,8,0.8181818181818182
4,91,57,0.972972972972973
5,60,38,0.9489795918367347
6,64,40,0.9519230769230769
57:
1,281,155,0.9564220183486238
3,6,3,1.0
4,93,53,0.9657534246575342
5,59,39,0.9387755102040817
6,69,33,0.9607843137254902
58:
1,275,165,0.95
3,4,7,1.0
4,93,63,0.9743589743589743
5,59,36,0.968421052631579
6,63,39,0.9313725490196079
59:
1,277,162,0.9384965831435079
3,5,3,1.0
4,95,60,0.9483870967741935
5,53,44,0.9690721649484536
6,56,48,0.9326923076923077
60:
1,267,174,0.9501133786848073
3,3,6,0.8888888888888888
4,94,59,0.9477124183006536
5,45,41,0.9651162790697675
6,53,40,0.9354838709677419
61:
1,262,159,0.9501187648456056
3,1,5,1.0
4,91,61,0.9078947368421053
5,55,19,0.9324324324324325
6,57,33,0.9333333333333333
62:
1,252,170,0.9597156398104265
3,1,0,1.0
4,93,61,0.948051948051948
5,58,28,0.9302325581395349
6,60,40,0.94
63:
1,269,150,0.9689737470167065
3,1,0,1.0
4,92,52,0.9652777777777778
5,47,35,0.9512195121951219
6,67,36,0.9805825242718447
64:
1,279,148,0.955503512880562
3,1,0,1.0
4,83,68,0.9801324503311258
5,48,26,0.9864864864864865
6,56,50,0.9622641509433962
65:
1,258,180,0.954337899543379
3,1,0,1.0
4,91,49,0.9571428571428572
5,42,29,0.9859154929577465
6,61,39,0.99
66:
1,260,153,0.9418886198547215
3,1,0,1.0
4,91,57,0.972972972972973
5,34,27,0.9508196721311475
6,56,43,0.9292929292929293
67:
1,252,170,0.9241706161137441
3,1,0,1.0
4,97,52,0.959731543624161
5,33,20,0.9811320754716981
6,59,35,0.9574468085106383
68:
1,265,152,0.9304556354916067
3,1,0,1.0
4,92,63,0.967741935483871
5,28,30,0.9655172413793104
6,51,50,0.9504950495049505
69:
1,279,151,0.9372093023255814
3,1,0,1.0
4,91,57,0.9527027027027027
5,31,18,1.0
6,54,27,0.9753086419753086
70:
1,265,173,0.958904109589041
3,0,1,1.0
4,86,65,0.9403973509933775
5,32,24,0.9642857142857143
6,56,28,0.9880952380952381
71:
1,269,163,0.9513888888888888
4,88,52,0.95
5,31,21,0.9423076923076923
6,48,37,0.9882352941176471
72:
1,277,160,0.965675057208238
4,91,51,0.9647887323943662
5,38,13,0.9215686274509803
6,46,34,0.95
73:
1,289,149,0.9657534246575342
4,92,62,0.974025974025974
5,38,19,0.8596491228070176
6,43,35,0.9615384615384616
74:
1,285,163,0.9553571428571429
4,92,66,0.9683544303797469
5,36,23,0.8983050847457628
6,41,30,0.9436619718309859
75:
1,267,163,0.9558139534883721
4,89,64,0.9673202614379085
5,33,20,0.9811320754716981
6,34,38,0.9583333333333334
76:
1,273,147,0.9523809523809523
4,95,56,0.9602649006622517
5,33,23,0.9821428571428571
6,39,24,0.9206349206349206
77:
1,269,158,0.9531615925058547
4,96,61,0.9363057324840764
5,42,16,0.9655172413793104
6,41,27,0.9558823529411765
78:
1,277,155,0.9606481481481481
4,103,52,0.9612903225806452
5,37,28,0.9384615384615385
6,40,27,0.9701492537313433
79:
1,277,167,0.9662162162162162
4,110,53,0.950920245398773
5,38,21,0.9830508474576272
6,43,23,0.9545454545454546
80:
1,278,161,0.9703872437357631
4,95,78,0.9190751445086706
5,41,25,0.9848484848484849
6,46,24,0.9571428571428572
81:
1,268,172,0.9659090909090909
4,101,55,0.9038461538461539
5,27,31,0.9827586206896551
6,31,38,0.9710144927536232
82:
1,273,162,0.9632183908045977
4,99,71,0.9470588235294117
5,30,21,1.0
6,30,28,0.9827586206896551
83:
1,263,171,0.9631336405529954
4,105,58,0.950920245398773
5,30,19,1.0
6,26,28,0.9814814814814815
84:
1,275,149,0.9551886792452831
4,102,64,0.963855421686747
5,25,24,0.9795918367346939
6,22,24,0.9782608695652174
85:
1,270,153,0.9598108747044918
4,104,67,0.9766081871345029
5,25,17,0.9761904761904762
6,25,16,0.975609756097561
86:
1,250,163,0.9564164648910412
4,123,51,0.9425287356321839
5,31,17,0.9375
6,16,25,0.9512195121951219
87:
1,234,165,0.9573934837092731
4,117,74,0.9424083769633508
5,24,22,0.9565217391304348
6,17,14,0.967741935483871
88:
1,238,140,0.9708994708994709
4,116,71,0.9358288770053476
5,23,17,0.975
6,23,6,0.9655172413793104
89:
1,225,156,0.9606299212598425
4,124,65,0.9153439153439153
5,24,12,0.9444444444444444
6,15,17,0.9375
90:
1,227,141,0.9565217391304348
4,132,68,0.93
5,24,15,0.9743589743589743
6,14,9,0.9565217391304348
91:
1,224,142,0.953551912568306
4,119,94,0.9530516431924883
5,24,12,0.9722222222222222
6,14,8,1.0
92:
1,214,149,0.9559228650137741
4,122,82,0.9558823529411765
5,25,13,0.9736842105263158
6,9,13,1.0
93:
1,213,133,0.9566473988439307
4,144,68,0.9528301886792453
5,28,13,0.9512195121951219
6,7,6,1.0
94:
1,206,130,0.9672619047619048
4,150,81,0.9437229437229437
5,30,18,0.9583333333333334
6,7,5,1.0
95:
1,199,122,0.9657320872274143
4,148,88,0.9449152542372882
5,24,21,0.9777777777777777
6,5,5,1.0
96:
1,189,129,0.9654088050314465
4,150,90,0.9541666666666667
5,26,15,1.0
6,5,3,0.875
97:
1,174,138,0.9487179487179487
4,153,86,0.9623430962343096
5,27,16,1.0
6,3,5,1.0
98:
1,189,104,0.9215017064846417
4,159,88,0.9757085020242915
5,26,17,1.0
6,1,2,1.0
99:
1,189,121,0.9451612903225807
4,150,102,0.9603174603174603
5,22,20,1.0
6,1,0,1.0
100:
1,185,113,0.9429530201342282
4,133,108,0.975103734439834
5,24,13,1.0
6,0,1,1.0
101:
1,188,106,0.9727891156462585
4,147,82,0.9737991266375546
5,23,17,0.975
102:
1,176,111,0.9686411149825784
4,146,95,0.950207468879668
5,25,17,0.9523809523809523
103:
1,167,107,0.9708029197080292
4,134,107,0.9543568464730291
5,29,19,0.9375
104:
1,169,92,0.9540229885057471
4,137,86,0.9596412556053812
5,31,19,0.94
105:
1,173,91,0.9431818181818182
4,151,85,0.9661016949152542
5,32,20,0.9615384615384616
106:
1,164,105,0.9442379182156134
4,142,99,0.975103734439834
5,31,25,0.9821428571428571
107:
1,173,88,0.9310344827586207
4,144,94,0.9915966386554622
5,32,20,0.9807692307692307
108:
1,167,100,0.9438202247191011
4,150,81,0.948051948051948
5,36,20,0.9464285714285714
109:
1,157,101,0.9457364341085271
4,157,83,0.9708333333333333
5,33,30,0.9365079365079365
110:
1,165,88,0.9604743083003953
4,158,91,0.9558232931726908
5,35,21,0.9107142857142857
111:
1,168,93,0.9501915708812261
4,153,95,0.9475806451612904
5,31,29,0.9333333333333333
112:
1,164,103,0.9438202247191011
4,146,93,0.9623430962343096
5,38,21,0.9830508474576272
113:
1,164,97,0.9501915708812261
4,152,84,0.9533898305084746
5,43,27,0.9571428571428572
114:
1,160,91,0.9681274900398407
4,142,96,0.9453781512605042
5,43,36,0.9620253164556962
115:
1,156,88,0.9795081967213115
4,149,77,0.9469026548672567
5,52,32,0.9880952380952381
116:
1,146,95,0.970954356846473
4,145,94,0.9456066945606695
5,53,34,0.9655172413793104
117:
1,161,80,0.9626556016597511
4,148,85,0.9699570815450643
5,58,33,0.945054945054945
118:
1,156,103,0.9536679536679536
4,149,82,0.9523809523809523
5,53,42,0.9789473684210527
119:
1,166,83,0.9558232931726908
4,142,89,0.961038961038961
5,51,36,0.9770114942528736
120:
1,156,107,0.935361216730038
4,135,89,0.9419642857142857
5,60,25,0.9647058823529412
121:
1,155,101,0.953125
4,148,61,0.937799043062201
5,59,45,0.9519230769230769
122:
1,166,88,0.9488188976377953
4,129,93,0.9414414414414415
5,62,34,0.9479166666666666
123:
1,174,98,0.9301470588235294
4,121,80,0.9552238805970149
5,59,39,0.9897959183673469
124:
1,179,89,0.9216417910447762
4,120,77,0.949238578680203
5,61,37,0.9489795918367347
125:
1,173,105,0.9316546762589928
4,116,77,0.9585492227979274
5,63,35,0.9489795918367347
126:
1,178,94,0.9375
4,129,58,0.9518716577540107
5,46,49,0.9368421052631579
127:
1,175,100,0.9454545454545454
4,135,63,0.9393939393939394
5,51,28,0.9620253164556962
128:
1,168,110,0.9280575539568345
4,116,86,0.9504950495049505
5,52,32,0.9761904761904762
129:
1,162,97,0.9382239382239382
4,116,66,0.967032967032967
5,54,30,0.9523809523809523
130:
1,157,99,0.95703125
4,102,75,0.96045197740113
5,50,37,0.9540229885057471
131:
1,160,100,0.9692307692307692
4,100,66,0.9518072289156626
5,54,27,0.9629629629629629
132:
1,159,95,0.9488188976377953
4,99,58,0.9426751592356688
5,58,23,0.9382716049382716
133:
1,154,107,0.9540229885057471
4,92,61,0.8954248366013072
5,40,41,0.9629629629629629
134:
1,162,99,0.9616858237547893
4,100,56,0.9294871794871795
5,39,28,0.9701492537313433
135:
1,174,98,0.9411764705882353
4,101,54,0.9548387096774194
5,33,29,0.9354838709677419
136:
1,163,119,0.950354609929078
4,98,67,0.9454545454545454
5,38,18,0.9285714285714286
137:
1,180,87,0.9250936329588015
4,96,66,0.9135802469135802
5,38,25,0.9047619047619048
138:
1,177,109,0.9440559440559441
4,99,64,0.9447852760736196
5,34,31,0.9230769230769231
139:
1,183,103,0.965034965034965
4,110,57,0.9401197604790419
5,37,20,0.9649122807017544
140:
1,186,107,0.9692832764505119
4,123,51,0.9310344827586207
5,32,30,0.967741935483871
141:
1,193,109,0.9635761589403974
4,110,70,0.9444444444444444
5,28,24,0.9615384615384616
142:
1,190,117,0.9413680781758957
4,110,65,0.9771428571428571
5,24,20,0.9545454545454546
143:
1,196,114,0.9516129032258065
4,104,64,0.9761904761904762
5,27,14,0.9512195121951219
144:
1,209,110,0.9561128526645768
4,101,59,0.94375
5,30,12,0.9523809523809523
145:
1,206,127,0.960960960960961
4,106,56,0.9444444444444444
5,25,17,0.9523809523809523
146:
1,198,127,0.9723076923076923
4,103,59,0.9629629629629629
5,22,15,0.972972972972973
147:
1,193,130,0.9535603715170279
4,94,69,0.9631901840490797
5,19,17,0.9444444444444444
148:
1,208,119,0.9357798165137615
4,99,51,0.96
5,22,8,1.0
149:
1,210,132,0.9327485380116959
4,99,51,0.9466666666666667
5,21,17,0.9210526315789473
150:
1,211,128,0.9292035398230089
4,88,59,0.9591836734693877
5,25,14,0.9487179487179487
151:
1,219,126,0.927536231884058
4,77,63,0.9571428571428572
5,29,18,0.8936170212765957
152:
1,198,140,0.9437869822485208
4,75,57,0.946969696969697
5,29,21,0.92
153:
1,197,131,0.9603658536585366
4,80,48,0.9453125
5,30,20,0.96
154:
1,213,115,0.9634146341463414
4,83,47,0.9538461538461539
5,32,20,0.9615384615384616
155:
1,212,133,0.9623188405797102
4,88,43,0.9465648854961832
5,29,24,0.9433962264150944
156:
1,211,121,0.9427710843373494
4,81,43,0.9516129032258065
5,29,22,0.9607843137254902
157:
1,197,127,0.9475308641975309
4,70,51,0.9834710743801653
5,38,14,1.0
158:
1,200,109,0.9449838187702265
4,67,44,0.990990990990991
5,35,27,0.967741935483871
159:
1,208,113,0.940809968847352
4,73,40,0.9823008849557522
5,40,19,0.9661016949152542
160:
1,177,134,0.9678456591639871
4,72,48,0.9916666666666667
5,40,28,0.9705882352941176
161:
1,173,117,0.9689655172413794
4,81,37,0.940677966101695
5,36,27,0.9047619047619048
162:
1,162,114,0.9746376811594203
4,84,45,0.9302325581395349
5,39,23,0.9838709677419355
163:
1,185,86,0.9704797047970479
4,85,38,0.9349593495934959
5,43,17,0.9833333333333333
164:
1,182,114,0.9662162162162162
4,92,43,0.9703703703703703
5,37,31,0.9705882352941176
165:
1,172,118,0.9586206896551724
4,88,50,0.9565217391304348
5,40,22,0.8870967741935484
166:
1,179,108,0.9442508710801394
4,95,36,0.9541984732824428
5,47,18,0.8615384615384616
167:
1,179,111,0.9344827586206896
4,89,51,0.9571428571428572
5,55,21,0.9078947368421053
168:
1,200,93,0.9488054607508533
4,79,49,0.96875
5,49,32,0.9382716049382716
169:
1,195,125,0.9625
4,80,45,0.96
5,54,26,0.975
170:
1,178,130,0.961038961038961
4,81,45,0.9285714285714286
5,53,31,0.9642857142857143
171:
1,177,112,0.9342560553633218
4,79,47,0.9206349206349206
5,58,23,0.9629629629629629
172:
1,173,113,0.9440559440559441
4,83,45,0.9609375
5,55,35,0.9555555555555556
173:
1,166,110,0.9637681159420289
4,82,47,0.9767441860465116
5,48,38,0.9883720930232558
174:
1,181,93,0.948905109489051
4,76,57,0.9398496240601504
5,50,33,0.963855421686747
175:
1,180,112,0.9486301369863014
4,95,37,0.9166666666666666
5,68,26,0.9680851063829787
176:
1,174,117,0.9690721649484536
4,98,46,0.9097222222222222
5,68,41,0.9174311926605505
177:
1,169,107,0.9637681159420289
4,92,64,0.9038461538461539
5,68,46,0.9298245614035088
178:
1,170,112,0.9609929078014184
4,90,50,0.9785714285714285
5,56,52,0.9351851851851852
179:
1,173,105,0.9496402877697842
4,93,60,0.9607843137254902
5,60,40,0.95
180:
1,170,111,0.9430604982206405
4,92,52,0.9513888888888888
5,75,32,0.9065420560747663
181:
1,176,102,0.9424460431654677
4,85,63,0.9324324324324325
5,72,50,0.9426229508196722
182:
1,170,101,0.9520295202952029
4,76,67,0.951048951048951
5,76,48,0.9274193548387096
183:
1,162,107,0.9702602230483272
4,90,41,0.9694656488549618
5,74,56,0.9307692307692308
184:
1,162,98,0.9769230769230769
4,94,45,0.9712230215827338
5,88,40,0.9375
185:
1,158,105,0.973384030418251
4,84,56,0.9571428571428572
5,96,49,0.9448275862068966
186:
1,142,111,0.9604743083003953
4,76,62,0.9565217391304348
5,103,49,0.9144736842105263
187:
1,145,95,0.9333333333333333
4,84,45,0.9534883720930233
5,109,53,0.9197530864197531
188:
1,151,93,0.9426229508196722
4,82,60,0.9295774647887324
5,107,63,0.9294117647058824
189:
1,148,94,0.9628099173553719
4,80,52,0.9393939393939394
5,105,65,0.9588235294117647
190:
1,143,93,0.9576271186440678
4,83,45,0.9375
5,110,60,0.9647058823529412
191:
1,128,111,0.9748953974895398
4,73,60,0.9473684210526315
5,114,68,0.9505494505494505
192:
1,136,83,0.9817351598173516
4,73,51,0.9838709677419355
5,135,58,0.9430051813471503
193:
1,136,83,0.954337899543379
4,79,43,0.9754098360655737
5,139,67,0.9466019417475728
194:
1,148,77,0.9555555555555556
4,80,44,0.9516129032258065
5,135,77,0.9198113207547169
195:
1,141,88,0.9432314410480349
4,79,48,0.952755905511811
5,125,87,0.9575471698113207
196:
1,134,86,0.9363636363636364
4,74,57,0.9312977099236641
5,125,80,0.9609756097560975
197:
1,121,90,0.9383886255924171
4,73,55,0.921875
5,138,73,0.9715639810426541
198:
1,121,82,0.9211822660098522
4,83,41,0.9516129032258065
5,129,99,0.9342105263157895
199:
1,119,81,0.96
4,95,45,0.9357142857142857
5,125,82,0.9468599033816425
200:
1,129,66,0.958974358974359
4,95,61,0.9551282051282052
5,122,82,0.9607843137254902
201:
1,134,75,0.9760765550239234
4,95,58,0.9803921568627451
5,119,84,0.9507389162561576
202:
1,124,83,0.961352657004831
4,99,52,0.9536423841059603
5,118,74,0.9635416666666666
203:
1,127,71,0.9545454545454546
4,97,57,0.961038961038961
5,121,69,0.9736842105263158
204:
1,127,76,0.9605911330049262
4,92,59,0.9735099337748344
5,129,73,0.9702970297029703
205:
1,132,71,0.9458128078817734
4,88,59,0.9523809523809523
5,116,86,0.9702970297029703
206:
1,139,71,0.919047619047619
4,90,55,0.9724137931034482
5,111,73,0.9565217391304348
207:
1,133,76,0.937799043062201
4,90,57,0.9659863945578231
5,112,64,0.9602272727272727
208:
1,135,77,0.9528301886792453
4,85,56,0.9645390070921985
5,108,68,0.9318181818181818
209:
1,137,70,0.966183574879227
4,100,40,0.9714285714285714
5,106,69,0.92
210:
1,129,81,0.9666666666666667
4,87,70,0.9681528662420382
5,108,59,0.9281437125748503
211:
1,112,92,0.9411764705882353
4,87,56,0.9300699300699301
5,100,62,0.9259259259259259
212:
1,125,62,0.946524064171123
4,84,58,0.9647887323943662
5,91,61,0.9473684210526315
213:
1,112,80,0.953125
4,86,59,0.993103448275862
5,85,62,0.9523809523809523
214:
1,105,68,0.9710982658959537
4,93,53,0.9794520547945206
5,93,57,0.98
215:
1,109,57,0.9578313253012049
4,100,60,0.95
5,102,55,0.9681528662420382
216:
1,103,61,0.9573170731707317
4,101,58,0.949685534591195
5,101,64,0.9575757575757575
217:
1,98,56,0.9545454545454546
4,100,63,0.9263803680981595
5,102,61,0.950920245398773
218:
1,92,62,0.961038961038961
4,105,64,0.9349112426035503
5,103,58,0.968944099378882
219:
1,85,57,0.9436619718309859
4,103,65,0.9583333333333334
5,99,63,0.9691358024691358
220:
1,79,52,0.9694656488549618
4,107,68,0.9257142857142857
5,102,57,0.9685534591194969
221:
1,71,55,0.9603174603174603
4,108,70,0.9269662921348315
5,106,54,0.975
222:
1,74,44,0.9576271186440678
4,116,70,0.967741935483871
5,104,56,0.9625
223:
1,86,31,0.9487179487179487
4,117,75,0.9427083333333334
5,112,50,0.9506172839506173
224:
1,74,52,0.9444444444444444
4,113,75,0.9414893617021277
5,100,66,0.9759036144578314
225:
1,77,39,0.9655172413793104
4,123,58,0.9558011049723757
5,98,57,0.967741935483871
226:
1,64,56,0.9916666666666667
4,111,75,0.9516129032258065
5,94,58,0.9605263157894737
227:
1,69,34,0.970873786407767
4,101,71,0.9593023255813954
5,76,67,0.965034965034965
228:
1,66,40,0.9716981132075472
4,101,72,0.9595375722543352
5,77,50,0.9291338582677166
229:
1,64,40,0.9230769230769231
4,99,64,0.950920245398773
5,86,42,0.9453125
230:
1,67,35,0.9411764705882353
4,97,66,0.9693251533742331
5,90,44,0.9477611940298507
231:
1,65,39,0.9230769230769231
4,100,66,0.9759036144578314
5,82,61,0.9300699300699301
232:
1,71,33,0.9230769230769231
4,102,63,0.9757575757575757
5,78,58,0.9338235294117647
233:
1,61,50,0.9369369369369369
4,101,62,0.9631901840490797
5,81,52,0.9849624060150376
234:
1,58,39,0.9072164948453608
4,98,66,0.9573170731707317
5,85,49,0.9701492537313433
235:
1,61,34,0.9789473684210527
4,106,62,0.9642857142857143
5,84,53,0.9708029197080292
236:
1,59,36,0.968421052631579
4,105,66,0.9532163742690059
5,83,61,0.9375
237:
1,53,38,0.967032967032967
4,107,67,0.9482758620689655
5,76,66,0.9647887323943662
238:
1,59,26,0.9176470588235294
4,110,63,0.953757225433526
5,81,51,0.9848484848484849
239:
1,55,31,0.9302325581395349
4,111,70,0.9613259668508287
5,84,51,0.9555555555555556
240:
1,55,31,0.9651162790697675
4,108,68,0.9318181818181818
5,81,57,0.9492753623188406
241:
1,51,32,0.9879518072289156
4,110,71,0.9613259668508287
5,73,57,0.9384615384615385
242:
1,53,29,0.975609756097561
4,125,58,0.9344262295081968
5,72,52,0.9516129032258065
243:
1,41,43,0.9642857142857143
4,126,73,0.9547738693467337
5,64,55,0.9747899159663865
244:
1,46,21,0.9850746268656716
4,135,57,0.921875
5,65,44,0.981651376146789
245:
1,44,32,0.9605263157894737
4,122,86,0.9326923076923077
5,63,46,0.981651376146789
246:
1,39,36,0.9066666666666666
4,125,72,0.934010152284264
5,63,34,0.9484536082474226
247:
1,42,26,0.9852941176470589
4,127,72,0.9547738693467337
5,56,43,0.9393939393939394
248:
1,47,21,0.9705882352941176
4,129,80,0.9473684210526315
5,50,43,0.9247311827956989
249:
1,41,31,0.9722222222222222
4,147,63,0.9761904761904762
5,52,37,0.9438202247191011
250:
1,37,30,0.9552238805970149
4,148,88,0.9533898305084746
5,47,41,0.9659090909090909
251:
1,34,30,0.9375
4,145,87,0.9482758620689655
5,43,36,0.9620253164556962
252:
1,35,22,0.9824561403508771
4,146,84,0.9521739130434783
5,41,31,0.9444444444444444
253:
1,40,17,1.0
4,153,84,0.9493670886075949
5,40,31,0.9154929577464789
254:
1,39,25,0.953125
4,151,88,0.9456066945606695
5,30,32,0.9193548387096774
255:
1,40,22,0.9193548387096774
4,151,84,0.9531914893617022
5,32,23,0.9454545454545454
256:
1,40,29,0.927536231884058
4,143,92,0.9531914893617022
5,35,21,0.9107142857142857
257:
1,42,24,1.0
4,144,85,0.9519650655021834
5,40,17,0.9649122807017544
258:
1,44,25,1.0
4,150,88,0.9537815126050421
5,37,23,0.9666666666666667
259:
1,39,25,0.96875
4,148,96,0.9467213114754098
5,34,23,0.9298245614035088
260:
1,35,23,0.9827586206896551
4,149,88,0.9746835443037974
5,30,27,0.9649122807017544
261:
1,37,20,0.9824561403508771
4,145,97,0.9586776859504132
5,36,18,0.9814814814814815
262:
1,28,26,1.0
4,141,86,0.9647577092511013
5,33,25,0.9482758620689655
263:
1,33,16,0.9795918367346939
4,138,91,0.9519650655021834
5,29,28,0.8947368421052632
264:
1,28,26,0.9629629629629629
4,145,86,0.948051948051948
5,32,21,1.0
265:
1,31,18,1.0
4,168,69,0.9493670886075949
5,30,22,1.0
266:
1,33,17,0.98
4,159,97,0.9453125
5,25,24,0.9387755102040817
267:
1,30,21,0.9607843137254902
4,165,82,0.9554655870445344
5,25,16,0.975609756097561
268:
1,30,19,0.9591836734693877
4,163,92,0.9490196078431372
5,22,20,0.9523809523809523
269:
1,36,15,0.9803921568627451
4,170,83,0.9723320158102767
5,18,19,0.972972972972973
270:
1,35,18,0.9622641509433962
4,167,99,0.9736842105263158
5,14,17,0.967741935483871
271:
1,26,27,0.9433962264150944
4,154,98,0.9563492063492064
5,18,10,0.9285714285714286
272:
1,29,15,0.9090909090909091
4,159,89,0.967741935483871
5,18,10,0.9285714285714286
273:
1,25,21,0.9565217391304348
4,157,88,0.9469387755102041
5,15,12,1.0
274:
1,28,13,0.975609756097561
4,149,99,0.9596774193548387
5,16,7,1.0
275:
1,32,15,0.9787234042553191
4,152,101,0.9486166007905138
5,12,13,0.88
276:
1,31,20,0.9019607843137255
4,157,93,0.956
5,11,7,1.0
277:
1,33,19,0.9615384615384616
4,145,100,0.9428571428571428
5,10,9,1.0
278:
1,27,26,0.9811320754716981
4,148,95,0.9547325102880658
5,10,6,0.9375
279:
1,23,24,0.8936170212765957
4,142,90,0.9482758620689655
5,7,8,0.9333333333333333
280:
1,22,18,0.925
4,142,96,0.9411764705882353
5,10,3,1.0
281:
1,26,13,0.9230769230769231
4,130,99,0.9737991266375546
5,7,7,1.0
282:
1,22,16,0.9210526315789473
4,140,80,0.9863636363636363
5,5,8,1.0
283:
1,21,14,0.9428571428571428
4,150,72,0.972972972972973
5,5,2,1.0
284:
1,26,8,0.9411764705882353
4,155,84,0.9581589958158996
5,4,3,1.0
285:
1,28,13,0.975609756097561
4,155,88,0.9382716049382716
5,3,2,1.0
286:
1,23,17,1.0
4,146,95,0.941908713692946
5,3,1,0.75
287:
1,19,17,1.0
4,139,95,0.9487179487179487
5,2,1,0.6666666666666666
288:
1,18,13,1.0
4,143,85,0.9298245614035088
5,1,1,1.0
289:
1,16,11,0.9629629629629629
4,157,83,0.9541666666666667
5,0,1,1.0
290:
1,15,9,0.9583333333333334
4,145,105,0.94
291:
1,16,8,0.9583333333333334
4,149,97,0.9512195121951219
292:
1,15,13,0.8928571428571429
4,155,96,0.9243027888446215
293:
1,12,14,0.9615384615384616
4,162,87,0.9558232931726908
294:
1,15,9,1.0
4,172,91,0.9429657794676806
295:
1,15,12,1.0
4,151,111,0.950381679389313
296:
1,8,13,1.0
4,162,87,0.9598393574297188
297:
1,7,7,1.0
4,164,97,0.946360153256705
298:
1,2,8,1.0
4,170,100,0.9444444444444444
299:
1,1,2,1.0
4,180,94,0.9562043795620438
300:
1,1,1,1.0
4,184,105,0.9792387543252595
301:
1,1,0,1.0
4,191,103,0.9897959183673469
302:
1,1,0,1.0
4,182,111,0.9726962457337884
303:
1,0,1,1.0
4,167,131,0.9530201342281879
304:
4,183,96,0.9498207885304659
305:
4,183,107,0.9482758620689655
306:
4,175,109,0.9507042253521126
307:
4,179,98,0.9494584837545126
308:
4,174,98,0.9375
309:
4,168,98,0.9624060150375939
310:
4,168,99,0.9588014981273408
311:
4,175,87,0.9618320610687023
312:
4,164,98,0.9580152671755725
313:
4,150,102,0.9603174603174603
314:
4,145,96,0.966804979253112
315:
4,147,76,0.9596412556053812
316:
4,148,76,0.9642857142857143
317:
4,144,83,0.960352422907489
318:
4,133,84,0.967741935483871
319:
4,121,83,0.9656862745098039
320:
4,125,74,0.964824120603015
321:
4,118,86,0.946078431372549
322:
4,120,72,0.9427083333333334
323:
4,133,71,0.9362745098039216
324:
4,119,90,0.9425837320574163
325:
4,115,86,0.9502487562189055
326:
4,129,75,0.9509803921568627
327:
4,134,82,0.9398148148148148
328:
4,140,83,0.9506726457399103
329:
4,157,68,0.9644444444444444
330:
4,152,86,0.9537815126050421
331:
4,139,90,0.9606986899563319
332:
4,135,76,0.9478672985781991
333:
4,142,73,0.9534883720930233
334:
4,136,78,0.9485981308411215
335:
4,134,77,0.9383886255924171
336:
4,134,73,0.9323671497584541
337:
4,127,79,0.9466019417475728
338:
4,121,73,0.9536082474226805
339:
4,122,70,0.9375
340:
4,121,68,0.9470899470899471
341:
4,115,75,0.9368421052631579
342:
4,124,62,0.956989247311828
343:
4,124,66,0.9526315789473684
344:
4,125,65,0.9526315789473684
345:
4,116,66,0.9725274725274725
346:
4,112,63,0.9657142857142857
347:
4,111,57,0.9523809523809523
348:
4,104,62,0.9457831325301205
349:
4,95,61,0.9423076923076923
350:
4,92,53,0.9655172413793104
351:
4,93,53,0.9794520547945206
352:
4,86,59,0.9793103448275862
353:
4,85,49,0.9626865671641791
354:
4,87,46,0.9624060150375939
355:
4,88,42,0.9846153846153847
356:
4,79,53,0.9696969696969697
357:
4,67,58,0.952
358:
4,65,43,0.9537037037037037
359:
4,69,38,0.9439252336448598
360:
4,78,30,0.9814814814814815
361:
4,66,55,0.9586776859504132
362:
4,63,44,0.9626168224299065
363:
4,69,30,0.9292929292929293
364:
4,63,40,0.9320388349514563
365:
4,63,32,0.9263157894736842
366:
4,52,41,0.956989247311828
367:
4,56,25,0.9629629629629629
368:
4,59,24,0.9397590361445783
369:
4,55,30,0.9176470588235294
370:
4,52,27,0.9240506329113924
371:
4,47,29,0.9342105263157895
372:
4,45,29,0.9459459459459459
373:
4,45,25,0.9285714285714286
374:
4,45,24,0.9420289855072463
375:
4,44,27,0.971830985915493
376:
4,43,25,1.0
377:
4,42,18,1.0
378:
4,41,24,0.9692307692307692
379:
4,40,23,0.9682539682539683
380:
4,36,21,0.8947368421052632
381:
4,34,22,0.9107142857142857
382:
4,33,15,0.9583333333333334
383:
4,34,15,0.9795918367346939
384:
4,35,14,0.9591836734693877
385:
4,34,20,0.9259259259259259
386:
4,32,17,0.9387755102040817
387:
4,29,21,0.96
388:
4,27,18,0.9333333333333333
389:
4,25,19,0.9545454545454546
390:
4,26,13,0.9743589743589743
391:
4,31,10,0.975609756097561
392:
4,29,18,0.9574468085106383
393:
4,25,16,0.9512195121951219
394:
4,26,12,0.9473684210526315
395:
4,19,18,0.972972972972973
396:
4,19,10,1.0
397:
4,17,12,1.0
398:
4,16,8,1.0
399:
4,13,11,1.0
400:
4,12,5,1.0
401:
4,10,6,0.9375
402:
4,8,5,0.9230769230769231
403:
4,9,4,0.9230769230769231
404:
4,8,4,1.0
405:
4,8,4,0.9166666666666666
406:
4,4,7,1.0
407:
4,5,2,1.0
408:
4,5,3,0.875
409:
4,4,4,1.0
410:
4,3,4,1.0
411:
4,3,2,1.0
412:
4,2,1,1.0
413:
4,1,2,1.0
414:
4,2,0,1.0
415:
4,1,1,1.0
416:
4,1,0,1.0
417:
4,1,0,1.0
418:
4,1,0,1.0
419:
4,1,0,1.0
420:
4,1,0,1.0
421:
4,0,1,1.0
422:
423:
424:
425:
426:
