1:
1,89,29,1.0
2,103,25,1.0
3,88,29,1.0
4,109,25,1.0
5,108,35,1.0
2:
1,79,57,0.8897058823529411
2,93,58,0.9337748344370861
3,84,54,0.927536231884058
4,86,69,0.9290322580645162
5,99,70,0.9230769230769231
3:
1,68,48,0.896551724137931
2,84,46,0.9230769230769231
3,76,42,0.864406779661017
4,87,41,0.875
5,88,45,0.8796992481203008
4:
1,60,35,0.8526315789473684
2,62,50,0.8392857142857143
3,73,35,0.7870370370370371
4,54,57,0.8108108108108109
5,74,45,0.8739495798319328
5:
1,59,21,0.7875
2,57,30,0.7931034482758621
3,56,45,0.8118811881188119
4,43,36,0.7848101265822784
5,64,37,0.8415841584158416
6:
1,49,32,0.7407407407407407
2,44,36,0.7625
3,51,31,0.7195121951219512
4,45,23,0.6323529411764706
5,55,37,0.8369565217391305
7:
1,42,28,0.7285714285714285
2,34,29,0.8095238095238095
3,47,35,0.5975609756097561
4,40,28,0.5735294117647058
5,43,36,0.8354430379746836
8:
1,39,25,0.703125
2,27,22,0.7755102040816326
3,42,30,0.5833333333333334
4,34,29,0.5873015873015873
5,40,27,0.8059701492537313
9:
1,34,24,0.6896551724137931
2,24,20,0.6590909090909091
3,40,27,0.5671641791044776
4,31,25,0.6071428571428571
5,41,26,0.746268656716418
10:
1,31,21,0.7115384615384616
2,26,12,0.6842105263157895
3,37,26,0.5238095238095238
4,26,22,0.6666666666666666
5,28,38,0.6666666666666666
11:
1,30,22,0.6730769230769231
2,21,17,0.6578947368421053
3,35,25,0.5166666666666667
4,26,12,0.7368421052631579
5,29,24,0.5660377358490566
12:
1,22,27,0.6122448979591837
2,20,13,0.6363636363636364
3,30,27,0.49122807017543857
4,23,14,0.7027027027027027
5,29,21,0.5
13:
1,23,17,0.6
2,16,17,0.5757575757575758
3,37,16,0.5283018867924528
4,12,19,0.6774193548387096
5,26,21,0.48936170212765956
14:
1,22,22,0.5454545454545454
2,18,10,0.6428571428571429
3,31,26,0.47368421052631576
4,12,7,0.631578947368421
5,23,19,0.5
15:
1,25,17,0.5714285714285714
2,15,16,0.5806451612903226
3,24,22,0.5217391304347826
4,10,11,0.5714285714285714
5,18,22,0.475
16:
1,24,20,0.45454545454545453
2,16,13,0.6206896551724138
3,23,19,0.3333333333333333
4,10,6,0.625
5,24,10,0.5882352941176471
17:
1,25,15,0.525
2,15,14,0.5862068965517241
3,22,19,0.3902439024390244
4,8,8,0.5
5,22,16,0.5263157894736842
18:
1,24,16,0.475
2,15,12,0.5555555555555556
3,22,19,0.36585365853658536
4,7,7,0.5
5,21,16,0.5675675675675675
19:
1,22,14,0.4722222222222222
2,12,12,0.4583333333333333
3,25,14,0.3333333333333333
4,5,8,0.46153846153846156
5,22,13,0.5428571428571428
20:
1,20,14,0.4117647058823529
2,13,8,0.5238095238095238
3,23,18,0.3170731707317073
4,3,5,0.625
5,21,14,0.5714285714285714
21:
1,22,8,0.4666666666666667
2,13,8,0.42857142857142855
3,22,15,0.32432432432432434
4,4,3,0.7142857142857143
5,17,16,0.5151515151515151
22:
1,18,13,0.41935483870967744
2,12,9,0.42857142857142855
3,24,14,0.2894736842105263
4,3,4,0.5714285714285714
5,19,9,0.5
23:
1,19,9,0.42857142857142855
2,9,10,0.5263157894736842
3,21,19,0.25
4,3,3,0.5
5,18,11,0.4827586206896552
24:
1,16,13,0.3793103448275862
2,10,7,0.47058823529411764
3,16,21,0.21621621621621623
4,2,4,0.5
5,16,10,0.5
25:
1,17,9,0.4230769230769231
2,9,9,0.2777777777777778
3,18,11,0.27586206896551724
4,3,2,0.6
5,14,10,0.4166666666666667
26:
1,15,12,0.48148148148148145
2,8,8,0.25
3,20,11,0.22580645161290322
4,2,3,0.4
5,12,11,0.4782608695652174
27:
1,14,9,0.391304347826087
2,10,5,0.26666666666666666
3,21,10,0.25806451612903225
4,2,2,0.5
5,11,9,0.45
28:
1,11,10,0.38095238095238093
2,9,9,0.2222222222222222
3,19,16,0.2571428571428571
4,1,3,0.5
5,12,7,0.3684210526315789
29:
1,9,8,0.4117647058823529
2,6,11,0.17647058823529413
3,20,12,0.25
4,1,2,0.6666666666666666
5,9,9,0.3888888888888889
30:
1,10,4,0.5
2,9,4,0.23076923076923078
3,21,9,0.26666666666666666
4,0,3,0.6666666666666666
5,11,6,0.47058823529411764
31:
1,12,4,0.4375
2,10,7,0.17647058823529413
3,21,10,0.22580645161290322
4,2,0,0.5
5,11,8,0.42105263157894735
32:
1,11,8,0.3684210526315789
2,10,7,0.17647058823529413
3,15,16,0.25806451612903225
4,1,3,0.25
5,10,9,0.47368421052631576
33:
1,14,4,0.3888888888888889
2,8,10,0.16666666666666666
3,17,8,0.4
4,0,3,0.3333333333333333
5,8,8,0.625
34:
1,14,7,0.38095238095238093
2,10,6,0.1875
3,15,11,0.34615384615384615
4,0,1,1.0
5,7,7,0.5714285714285714
35:
1,15,8,0.34782608695652173
2,9,9,0.16666666666666666
3,15,10,0.44
5,11,4,0.6
36:
1,16,11,0.3333333333333333
2,8,9,0.17647058823529413
3,14,11,0.44
5,9,9,0.4444444444444444
37:
1,13,12,0.4
2,8,8,0.1875
3,16,6,0.4090909090909091
5,8,8,0.375
38:
1,15,9,0.4166666666666667
2,8,6,0.21428571428571427
3,17,6,0.43478260869565216
5,9,6,0.4666666666666667
39:
1,15,11,0.2692307692307692
2,7,7,0.21428571428571427
3,14,11,0.48
5,9,6,0.4666666666666667
40:
1,14,12,0.23076923076923078
2,8,5,0.23076923076923078
3,12,8,0.6
5,10,5,0.4
41:
1,10,11,0.2857142857142857
2,7,7,0.21428571428571427
3,11,5,0.5625
5,7,9,0.3125
42:
1,7,10,0.17647058823529413
2,8,3,0.2727272727272727
3,10,5,0.6
5,11,7,0.3333333333333333
43:
1,4,7,0.18181818181818182
2,9,3,0.25
3,8,6,0.6428571428571429
5,10,8,0.2222222222222222
44:
1,1,6,0.2857142857142857
2,4,9,0.23076923076923078
3,5,7,0.75
5,10,10,0.15
45:
1,1,2,0.3333333333333333
2,6,0,0.3333333333333333
3,7,3,0.9
5,11,8,0.10526315789473684
46:
1,1,2,0.3333333333333333
2,5,3,0.25
3,6,5,0.7272727272727273
5,11,10,0.09523809523809523
47:
1,2,1,0.3333333333333333
2,5,2,0.2857142857142857
3,3,5,0.75
5,11,11,0.09090909090909091
48:
1,1,3,0.25
2,4,3,0.2857142857142857
3,2,2,0.75
5,12,10,0.09090909090909091
49:
1,1,2,0.3333333333333333
2,4,2,0.3333333333333333
3,1,1,0.5
5,8,14,0.09090909090909091
50:
1,2,1,0.3333333333333333
2,3,3,0.3333333333333333
3,0,1,1.0
5,8,10,0.1111111111111111
51:
1,1,3,0.25
2,3,2,0.2
5,13,5,0.16666666666666666
52:
1,2,1,0.3333333333333333
2,3,2,0.2
5,16,7,0.13043478260869565
53:
1,2,2,0.25
2,2,3,0.2
5,13,12,0.2
54:
1,3,1,0.25
2,3,1,0.25
5,12,10,0.22727272727272727
55:
1,3,2,0.2
2,2,3,0.2
5,13,8,0.19047619047619047
56:
1,3,2,0.2
2,3,1,0.25
5,11,12,0.17391304347826086
57:
1,2,3,0.2
2,4,1,0.2
5,11,10,0.14285714285714285
58:
1,2,1,0.3333333333333333
2,2,4,0.16666666666666666
5,11,10,0.19047619047619047
59:
1,3,0,0.3333333333333333
2,2,2,0.25
5,10,11,0.19047619047619047
60:
1,3,0,0.3333333333333333
2,2,2,0.25
5,12,8,0.15
61:
1,3,0,0.3333333333333333
2,2,1,0.3333333333333333
5,13,8,0.14285714285714285
62:
1,2,1,0.3333333333333333
2,2,2,0.25
5,11,12,0.08695652173913043
63:
1,2,0,0.5
2,2,2,0.25
5,9,10,0.10526315789473684
64:
1,2,0,0.5
2,2,0,0.5
5,11,7,0.1111111111111111
65:
1,1,1,0.5
2,1,2,0.3333333333333333
5,12,8,0.1
66:
1,1,0,1.0
2,1,1,0.5
5,13,7,0.1
67:
1,1,0,1.0
2,1,0,1.0
5,13,10,0.08695652173913043
68:
1,1,0,1.0
2,1,0,1.0
5,15,9,0.08333333333333333
69:
1,1,0,1.0
2,1,0,1.0
5,12,13,0.08
70:
1,1,0,1.0
2,0,1,1.0
5,11,11,0.09090909090909091
71:
1,0,1,1.0
5,12,8,0.1
72:
5,13,9,0.09090909090909091
73:
5,13,8,0.09523809523809523
74:
5,13,9,0.09090909090909091
75:
5,13,9,0.09090909090909091
76:
5,13,8,0.09523809523809523
77:
5,11,10,0.09523809523809523
78:
5,9,10,0.10526315789473684
79:
5,11,6,0.11764705882352941
80:
5,13,6,0.10526315789473684
81:
5,10,10,0.1
82:
5,11,6,0.11764705882352941
83:
5,9,9,0.1111111111111111
84:
5,8,7,0.13333333333333333
85:
5,13,2,0.13333333333333333
86:
5,8,11,0.10526315789473684
87:
5,10,5,0.13333333333333333
88:
5,11,5,0.125
89:
5,10,7,0.11764705882352941
90:
5,9,7,0.125
91:
5,8,7,0.13333333333333333
92:
5,9,5,0.14285714285714285
93:
5,8,6,0.14285714285714285
94:
5,9,5,0.14285714285714285
95:
5,8,7,0.13333333333333333
96:
5,6,7,0.15384615384615385
97:
5,9,2,0.18181818181818182
98:
5,8,6,0.14285714285714285
99:
5,9,4,0.15384615384615385
100:
5,8,6,0.14285714285714285
101:
5,7,5,0.16666666666666666
102:
5,6,5,0.18181818181818182
103:
5,7,3,0.2
104:
5,5,6,0.18181818181818182
105:
5,7,2,0.2222222222222222
106:
5,5,6,0.18181818181818182
107:
5,5,3,0.25
108:
5,7,1,0.25
109:
5,5,5,0.2
110:
5,4,4,0.25
111:
5,4,3,0.2857142857142857
112:
5,4,3,0.2857142857142857
113:
5,4,3,0.2857142857142857
114:
5,4,3,0.2857142857142857
115:
5,3,4,0.2857142857142857
116:
5,4,2,0.16666666666666666
117:
5,3,4,0.14285714285714285
118:
5,3,3,0.16666666666666666
119:
5,4,2,0.16666666666666666
120:
5,3,4,0.14285714285714285
121:
5,3,3,0.16666666666666666
122:
5,4,2,0.16666666666666666
123:
5,3,4,0.14285714285714285
124:
5,4,2,0.16666666666666666
125:
5,3,4,0.14285714285714285
126:
5,5,1,0.16666666666666666
127:
5,3,5,0.125
128:
5,4,2,0.16666666666666666
129:
5,3,4,0.14285714285714285
130:
5,5,1,0.16666666666666666
131:
5,3,5,0.125
132:
5,4,2,0.16666666666666666
133:
5,4,3,0.14285714285714285
134:
5,4,3,0.14285714285714285
135:
5,5,2,0.14285714285714285
136:
5,3,5,0.125
137:
5,4,2,0.16666666666666666
138:
5,4,3,0.14285714285714285
139:
5,3,4,0.14285714285714285
140:
5,3,3,0.16666666666666666
141:
5,4,2,0.16666666666666666
142:
5,4,3,0.14285714285714285
143:
5,5,2,0.14285714285714285
144:
5,3,5,0.125
145:
5,3,3,0.16666666666666666
146:
5,4,2,0.16666666666666666
147:
5,4,3,0.14285714285714285
148:
5,3,4,0.14285714285714285
149:
5,4,2,0.16666666666666666
150:
5,4,3,0.14285714285714285
151:
5,4,3,0.14285714285714285
152:
5,3,4,0.14285714285714285
153:
5,3,3,0.16666666666666666
154:
5,5,1,0.16666666666666666
155:
5,5,3,0.125
156:
5,3,5,0.125
157:
5,4,2,0.16666666666666666
158:
5,4,3,0.14285714285714285
159:
5,4,3,0.14285714285714285
160:
5,3,4,0.14285714285714285
161:
5,4,2,0.16666666666666666
162:
5,3,4,0.14285714285714285
163:
5,4,2,0.16666666666666666
164:
5,4,3,0.14285714285714285
165:
5,3,4,0.14285714285714285
166:
5,4,2,0.16666666666666666
167:
5,4,3,0.14285714285714285
168:
5,3,4,0.14285714285714285
169:
5,4,2,0.16666666666666666
170:
5,4,3,0.14285714285714285
171:
5,3,4,0.14285714285714285
172:
5,5,1,0.16666666666666666
173:
5,5,3,0.125
174:
5,4,4,0.125
175:
5,3,4,0.14285714285714285
176:
5,4,2,0.16666666666666666
177:
5,4,3,0.14285714285714285
178:
5,5,2,0.14285714285714285
179:
5,4,4,0.125
180:
5,3,4,0.14285714285714285
181:
5,4,2,0.16666666666666666
182:
5,4,3,0.14285714285714285
183:
5,3,4,0.14285714285714285
184:
5,5,1,0.16666666666666666
185:
5,3,5,0.125
186:
5,3,3,0.16666666666666666
187:
5,4,2,0.16666666666666666
188:
5,5,2,0.14285714285714285
189:
5,4,4,0.125
190:
5,4,3,0.14285714285714285
191:
5,4,3,0.14285714285714285
192:
5,3,4,0.14285714285714285
193:
5,3,3,0.16666666666666666
194:
5,3,3,0.16666666666666666
195:
5,4,2,0.16666666666666666
196:
5,3,4,0.14285714285714285
197:
5,3,3,0.16666666666666666
198:
5,5,1,0.16666666666666666
199:
5,3,5,0.125
200:
5,4,2,0.16666666666666666
201:
5,5,2,0.14285714285714285
202:
5,3,5,0.125
203:
5,4,2,0.16666666666666666
204:
5,3,4,0.14285714285714285
205:
5,4,2,0.16666666666666666
206:
5,3,4,0.14285714285714285
207:
5,3,3,0.16666666666666666
208:
5,4,2,0.16666666666666666
209:
5,3,4,0.14285714285714285
210:
5,3,3,0.16666666666666666
211:
5,4,2,0.16666666666666666
212:
5,3,4,0.14285714285714285
213:
5,3,3,0.16666666666666666
214:
5,5,1,0.16666666666666666
215:
5,3,5,0.125
216:
5,4,2,0.16666666666666666
217:
5,3,4,0.14285714285714285
218:
5,3,3,0.16666666666666666
219:
5,3,3,0.16666666666666666
220:
5,4,2,0.16666666666666666
221:
5,3,4,0.14285714285714285
222:
5,3,3,0.16666666666666666
223:
5,3,3,0.16666666666666666
224:
5,3,3,0.16666666666666666
225:
5,4,2,0.16666666666666666
226:
5,3,4,0.14285714285714285
227:
5,4,2,0.16666666666666666
228:
5,4,3,0.14285714285714285
229:
5,4,3,0.14285714285714285
230:
5,4,3,0.14285714285714285
231:
5,3,4,0.14285714285714285
232:
5,4,2,0.16666666666666666
233:
5,3,4,0.14285714285714285
234:
5,3,3,0.16666666666666666
235:
5,3,3,0.16666666666666666
236:
5,4,2,0.16666666666666666
237:
5,4,3,0.14285714285714285
238:
5,5,2,0.14285714285714285
239:
5,5,3,0.125
240:
5,4,4,0.125
241:
5,4,3,0.14285714285714285
242:
5,4,3,0.14285714285714285
