1:
1,176,49,1.0
2,215,59,1.0
3,193,53,1.0
4,230,65,1.0
2:
1,157,85,0.9834710743801653
2,224,80,0.9802631578947368
3,183,82,0.969811320754717
4,236,89,0.9876923076923076
3:
1,126,83,0.9760765550239234
2,192,106,0.9731543624161074
3,144,97,0.970954356846473
4,207,125,0.9819277108433735
4:
1,114,61,0.9714285714285714
2,169,88,0.9610894941634242
3,113,79,0.9791666666666666
4,183,108,0.9828178694158075
5:
1,94,63,0.9745222929936306
2,152,95,0.9595141700404858
3,98,75,0.9826589595375722
4,190,91,0.9644128113879004
6:
1,83,48,0.9465648854961832
2,154,80,0.9700854700854701
3,93,62,0.9870967741935484
4,197,102,0.9531772575250836
7:
1,81,50,0.9389312977099237
2,135,101,0.961864406779661
3,79,62,0.9858156028368794
4,213,105,0.9685534591194969
8:
1,73,56,0.9534883720930233
2,139,80,0.9634703196347032
3,79,43,0.9508196721311475
4,233,110,0.9533527696793003
9:
1,73,44,0.9658119658119658
2,140,75,0.9674418604651163
3,77,48,0.952
4,238,142,0.9605263157894737
10:
1,81,40,0.9669421487603306
2,138,84,0.9954954954954955
3,76,46,0.9918032786885246
4,252,126,0.9629629629629629
11:
1,89,35,0.967741935483871
2,133,92,0.9777777777777777
3,83,40,0.975609756097561
4,260,146,0.9605911330049262
12:
1,90,35,0.976
2,135,78,0.9671361502347418
3,79,60,0.9712230215827338
4,260,160,0.9571428571428572
13:
1,88,42,0.9615384615384616
2,142,80,0.963963963963964
3,83,42,0.984
4,260,158,0.9832535885167464
14:
1,94,43,0.9562043795620438
2,145,84,0.9650655021834061
3,79,52,0.9770992366412213
4,265,143,0.9705882352941176
15:
1,83,55,0.9492753623188406
2,155,78,0.9613733905579399
3,77,42,0.957983193277311
4,273,152,0.9623529411764706
16:
1,97,33,0.9384615384615385
2,154,90,0.9549180327868853
3,74,41,0.9652173913043478
4,273,170,0.9751693002257337
17:
1,91,53,0.9722222222222222
2,162,95,0.9494163424124513
3,71,40,0.954954954954955
4,283,149,0.9814814814814815
18:
1,92,40,0.9848484848484849
2,158,96,0.9724409448818898
3,64,54,0.9661016949152542
4,307,133,0.975
19:
1,89,52,0.9716312056737588
2,162,94,0.984375
3,52,51,0.970873786407767
4,290,179,0.9573560767590619
20:
1,103,35,0.9565217391304348
2,162,99,0.9693486590038314
3,57,34,1.0
4,293,162,0.9626373626373627
21:
1,104,48,0.9473684210526315
2,174,84,0.9612403100775194
3,50,43,1.0
4,297,167,0.9461206896551724
22:
1,105,49,0.9545454545454546
2,179,95,0.948905109489051
3,51,32,0.9879518072289156
4,310,162,0.9555084745762712
23:
1,112,51,0.9693251533742331
2,173,92,0.9547169811320755
3,53,31,0.9880952380952381
4,305,185,0.9653061224489796
24:
1,111,58,0.9644970414201184
2,181,92,0.9706959706959707
3,53,31,0.9285714285714286
4,304,176,0.9729166666666667
25:
1,120,53,0.9710982658959537
2,174,94,0.9776119402985075
3,47,32,0.9113924050632911
4,324,149,0.9704016913319239
26:
1,119,58,0.9548022598870056
2,180,92,0.9669117647058824
3,44,29,0.9863013698630136
4,331,172,0.9622266401590457
27:
1,113,65,0.9662921348314607
2,175,99,0.948905109489051
3,44,26,1.0
4,314,167,0.9812889812889813
28:
1,119,50,0.9763313609467456
2,172,94,0.9699248120300752
3,41,32,1.0
4,290,188,0.9707112970711297
29:
1,116,62,0.9719101123595506
2,157,98,0.9647058823529412
3,40,26,0.9848484848484849
4,288,158,0.968609865470852
30:
1,119,59,0.9775280898876404
2,153,100,0.9683794466403162
3,42,26,1.0
4,281,164,0.9685393258426966
31:
1,117,61,0.9719101123595506
2,165,84,0.9518072289156626
3,41,21,0.9838709677419355
4,286,160,0.968609865470852
32:
1,110,72,0.978021978021978
2,158,106,0.9583333333333334
3,42,22,0.96875
4,284,158,0.9728506787330317
33:
1,119,57,0.9772727272727273
2,164,86,0.96
3,42,22,0.96875
4,282,155,0.9588100686498856
34:
1,109,67,0.9772727272727273
2,166,96,0.9732824427480916
3,48,23,0.9577464788732394
4,301,142,0.9841986455981941
35:
1,118,51,0.9881656804733728
2,182,81,0.935361216730038
3,44,28,0.9722222222222222
4,289,170,0.9651416122004357
36:
1,119,64,0.994535519125683
2,179,111,0.9482758620689655
3,43,28,1.0
4,282,163,0.9752808988764045
37:
1,111,66,0.9830508474576272
2,189,101,0.9586206896551724
3,46,27,0.9452054794520548
4,291,152,0.9706546275395034
38:
1,107,61,0.9583333333333334
2,199,97,0.9695945945945946
3,41,30,1.0
4,296,146,0.9660633484162896
39:
1,109,55,0.9512195121951219
2,193,117,0.9709677419354839
3,44,22,1.0
4,298,157,0.9736263736263736
40:
1,106,56,0.9567901234567902
2,189,119,0.961038961038961
3,31,37,0.9852941176470589
4,311,145,0.9758771929824561
41:
1,97,61,0.9493670886075949
2,164,136,0.97
3,30,20,1.0
4,307,153,0.9695652173913043
42:
1,93,58,0.9536423841059603
2,190,87,0.9819494584837545
3,27,23,0.98
4,298,154,0.9845132743362832
43:
1,103,49,0.9539473684210527
2,195,109,0.9671052631578947
3,25,24,1.0
4,297,144,0.9773242630385488
44:
1,87,68,0.9806451612903225
2,202,103,0.9737704918032787
3,27,17,1.0
4,293,161,0.9691629955947136
45:
1,101,43,1.0
2,193,111,0.9802631578947368
3,28,17,0.9777777777777777
4,291,158,0.9643652561247216
46:
1,104,49,0.9869281045751634
2,190,104,0.9761904761904762
3,24,21,0.9777777777777777
4,298,149,0.9686800894854586
47:
1,107,51,0.9873417721518988
2,176,112,0.9583333333333334
3,25,21,0.9565217391304348
4,286,173,0.9738562091503268
48:
1,103,56,0.9622641509433962
2,180,92,0.9595588235294118
3,24,20,0.9772727272727273
4,297,167,0.9762931034482759
49:
1,97,57,0.9415584415584416
2,166,107,0.9743589743589743
3,21,22,1.0
4,310,158,0.9700854700854701
50:
1,91,61,0.9473684210526315
2,177,82,0.9806949806949807
3,28,11,0.9743589743589743
4,315,160,0.9726315789473684
51:
1,104,46,0.9533333333333334
2,172,106,0.9712230215827338
3,25,19,0.8863636363636364
4,297,184,0.9667359667359667
52:
1,102,57,0.9622641509433962
2,171,96,0.9550561797752809
3,34,9,0.9302325581395349
4,300,161,0.9479392624728851
53:
1,98,58,0.967948717948718
2,175,103,0.9532374100719424
3,36,17,0.9433962264150944
4,289,174,0.9481641468682506
54:
1,86,62,0.9662162162162162
2,186,94,0.9642857142857143
3,33,17,0.98
4,302,150,0.9601769911504425
55:
1,89,53,0.9929577464788732
2,178,106,0.9647887323943662
3,35,13,0.9583333333333334
4,306,168,0.959915611814346
56:
1,90,53,0.965034965034965
2,181,105,0.9685314685314685
3,27,23,0.96
4,289,176,0.9634408602150538
57:
1,83,58,0.9645390070921985
2,179,108,0.9721254355400697
3,20,20,0.975
4,303,144,0.9731543624161074
58:
1,80,50,0.9846153846153847
2,183,104,0.9721254355400697
3,23,13,0.9166666666666666
4,273,181,0.9801762114537445
59:
1,80,49,0.9457364341085271
2,191,97,0.9722222222222222
3,24,14,0.9736842105263158
4,276,154,0.9558139534883721
60:
1,89,45,0.9626865671641791
2,199,106,0.9606557377049181
3,29,14,0.9767441860465116
4,283,153,0.9541284403669725
61:
1,79,60,0.9496402877697842
2,200,115,0.9492063492063492
3,30,16,0.9782608695652174
4,296,157,0.9668874172185431
62:
1,78,49,0.9606299212598425
2,201,106,0.9576547231270358
3,32,13,0.9111111111111111
4,290,156,0.9775784753363229
63:
1,87,41,0.9765625
2,203,110,0.9552715654952076
3,35,22,0.9122807017543859
4,293,157,0.9711111111111111
64:
1,87,51,0.9565217391304348
2,204,118,0.9658385093167702
3,33,23,0.8928571428571429
4,290,152,0.9638009049773756
65:
1,92,39,0.9618320610687023
2,189,130,0.9717868338557993
3,35,18,0.9245283018867925
4,273,167,0.9681818181818181
66:
1,91,50,0.9787234042553191
2,194,114,0.9837662337662337
3,38,17,0.9454545454545454
4,265,155,0.9714285714285714
67:
1,83,59,0.9859154929577465
2,203,116,0.9780564263322884
3,38,18,0.9642857142857143
4,251,150,0.972568578553616
68:
1,89,48,0.9416058394160584
2,212,112,0.9660493827160493
3,41,21,0.967741935483871
4,264,134,0.9723618090452262
69:
1,94,46,0.9642857142857143
2,200,130,0.9757575757575757
3,45,23,0.9558823529411765
4,260,151,0.9635036496350365
70:
1,94,52,0.9726027397260274
2,197,125,0.968944099378882
3,47,23,0.9428571428571428
4,237,168,0.9703703703703703
71:
1,94,49,0.9790209790209791
2,206,114,0.9625
3,54,21,0.96
4,252,136,0.9690721649484536
72:
1,106,50,0.9615384615384616
2,208,128,0.9613095238095238
3,55,28,0.9759036144578314
4,253,148,0.970074812967581
73:
1,108,49,0.9745222929936306
2,206,125,0.9788519637462235
3,59,24,0.9879518072289156
4,253,138,0.969309462915601
74:
1,105,67,0.9651162790697675
2,207,125,0.9698795180722891
3,55,34,0.9550561797752809
4,252,141,0.9720101781170484
75:
1,91,64,0.9806451612903225
2,211,118,0.9817629179331308
3,56,34,0.9666666666666667
4,252,131,0.9660574412532638
76:
1,96,49,0.9862068965517241
2,211,121,0.9698795180722891
3,56,29,0.9764705882352941
4,234,146,0.9736842105263158
77:
1,88,58,0.9863013698630136
2,199,130,0.9544072948328267
3,52,36,0.9772727272727273
4,230,118,0.9683908045977011
78:
1,102,40,0.971830985915493
2,191,123,0.9617834394904459
3,46,32,1.0
4,222,131,0.9603399433427762
79:
1,99,53,0.9605263157894737
2,205,100,0.9573770491803278
3,43,33,1.0
4,224,128,0.9573863636363636
80:
1,100,60,0.975
2,204,106,0.9580645161290322
3,40,31,1.0
4,223,135,0.9664804469273743
81:
1,94,60,0.9545454545454546
2,191,121,0.9711538461538461
3,44,25,1.0
4,231,125,0.9634831460674157
82:
1,104,45,0.9664429530201343
2,205,97,0.9602649006622517
3,46,25,1.0
4,248,117,0.9616438356164384
83:
1,93,73,0.9698795180722891
2,207,115,0.953416149068323
3,38,35,0.9726027397260274
4,264,124,0.9716494845360825
84:
1,92,55,0.9931972789115646
2,217,116,0.9519519519519519
3,37,27,0.96875
4,249,150,0.974937343358396
85:
1,104,49,0.9869281045751634
2,220,122,0.9590643274853801
3,40,24,0.984375
4,251,128,0.9762532981530343
86:
1,97,62,0.9748427672955975
2,204,136,0.95
3,42,27,0.9565217391304348
4,232,149,0.9816272965879265
87:
1,92,55,1.0
2,231,104,0.9761194029850746
3,41,24,0.9538461538461539
4,228,135,0.977961432506887
88:
1,92,50,0.9788732394366197
2,244,103,0.962536023054755
3,45,23,0.9705882352941176
4,237,123,0.9666666666666667
89:
1,92,49,0.9929078014184397
2,229,125,0.9717514124293786
3,44,23,0.9850746268656716
4,240,132,0.9704301075268817
90:
1,68,67,0.9777777777777777
2,219,124,0.9795918367346939
3,36,28,0.9375
4,226,144,0.9783783783783784
91:
1,68,39,0.9813084112149533
2,228,113,0.9706744868035191
3,36,16,0.9615384615384616
4,252,111,0.9752066115702479
92:
1,68,38,0.9811320754716981
2,252,108,0.9666666666666667
3,36,20,0.9642857142857143
4,250,142,0.9719387755102041
93:
1,59,44,0.9902912621359223
2,230,161,0.969309462915601
3,36,19,0.9454545454545454
4,244,150,0.9796954314720813
94:
1,52,45,0.9690721649484536
2,246,119,0.9726027397260274
3,39,21,0.9833333333333333
4,241,132,0.9892761394101877
95:
1,55,31,0.9767441860465116
2,250,132,0.9738219895287958
3,36,29,0.9846153846153847
4,240,137,0.9840848806366048
96:
1,60,28,0.9772727272727273
2,233,142,0.9706666666666667
3,38,22,0.9833333333333333
4,250,135,0.9792207792207792
97:
1,67,28,0.9789473684210527
2,248,132,0.9710526315789474
3,35,20,0.9636363636363636
4,261,133,0.9720812182741116
98:
1,60,38,0.9897959183673469
2,258,130,0.9819587628865979
3,32,22,0.9814814814814815
4,256,140,0.9772727272727273
99:
1,64,27,0.9340659340659341
2,236,164,0.9725
3,30,16,0.9782608695652174
4,239,150,0.9562982005141388
100:
1,68,27,0.9368421052631579
2,241,125,0.9726775956284153
3,29,20,0.9795918367346939
4,243,128,0.967654986522911
101:
1,62,37,0.9696969696969697
2,234,139,0.9624664879356568
3,32,17,0.9591836734693877
4,265,125,0.958974358974359
102:
1,53,42,0.9789473684210527
2,254,122,0.9627659574468085
3,29,19,1.0
4,255,149,0.9603960396039604
103:
1,55,29,0.9761904761904762
2,245,146,0.9616368286445013
3,33,17,0.98
4,252,144,0.9671717171717171
104:
1,51,32,0.9759036144578314
2,239,142,0.973753280839895
3,35,21,0.9464285714285714
4,274,124,0.9698492462311558
105:
1,44,35,0.9493670886075949
2,220,157,0.9840848806366048
3,44,19,0.9206349206349206
4,274,138,0.9635922330097088
106:
1,48,24,0.9583333333333334
2,227,125,0.9772727272727273
3,43,29,0.9583333333333334
4,278,141,0.9618138424821002
107:
1,39,35,0.972972972972973
2,230,128,0.9692737430167597
3,35,32,1.0
4,278,146,0.9575471698113207
108:
1,43,24,1.0
2,230,129,0.9665738161559888
3,41,16,1.0
4,263,162,0.9694117647058823
109:
1,44,32,0.9736842105263158
2,218,142,0.9666666666666667
3,41,21,0.9838709677419355
4,285,126,0.9829683698296837
110:
1,51,22,1.0
2,226,120,0.9682080924855492
3,43,24,0.9850746268656716
4,292,143,0.9724137931034482
111:
1,51,28,0.9746835443037974
2,225,125,0.96
3,45,21,0.9848484848484849
4,283,160,0.963882618510158
112:
1,44,34,0.9615384615384616
2,222,125,0.9654178674351584
3,50,23,0.958904109589041
4,283,159,0.9751131221719457
113:
1,43,32,0.9466666666666667
2,216,125,0.9794721407624634
3,52,23,0.9866666666666667
4,291,151,0.9751131221719457
114:
1,47,20,0.9701492537313433
2,223,111,0.9700598802395209
3,50,27,0.961038961038961
4,303,137,0.9772727272727273
115:
1,46,31,0.974025974025974
2,210,121,0.9758308157099698
3,51,27,0.9358974358974359
4,285,174,0.9738562091503268
116:
1,50,22,0.9722222222222222
2,209,109,0.9874213836477987
3,46,32,0.9871794871794872
4,314,124,0.9817351598173516
117:
1,45,31,1.0
2,210,111,0.9844236760124611
3,47,25,0.9583333333333334
4,304,169,0.9661733615221987
118:
1,41,26,0.9850746268656716
2,191,127,0.9811320754716981
3,39,35,0.9324324324324325
4,304,150,0.960352422907489
119:
1,39,27,0.9393939393939394
2,195,101,0.9662162162162162
3,39,28,0.9552238805970149
4,296,163,0.9673202614379085
120:
1,41,23,0.96875
2,197,120,0.9716088328075709
3,45,20,0.9846153846153847
4,293,163,0.9802631578947368
121:
1,39,21,0.9666666666666667
2,191,113,0.9769736842105263
3,47,25,0.9722222222222222
4,299,162,0.9783080260303688
122:
1,42,20,0.9516129032258065
2,206,109,0.9809523809523809
3,46,29,0.9733333333333334
4,315,150,0.9741935483870968
123:
1,44,16,0.95
2,192,116,0.9642857142857143
3,47,23,0.9714285714285714
4,331,163,0.9655870445344129
124:
1,40,22,0.9516129032258065
2,193,104,0.9730639730639731
3,39,33,0.9722222222222222
4,325,180,0.9564356435643564
125:
1,40,17,0.9649122807017544
2,198,104,0.9602649006622517
3,35,28,0.9523809523809523
4,333,167,0.958
126:
1,37,22,0.9661016949152542
2,190,115,0.9639344262295082
3,37,17,0.9629629629629629
4,344,163,0.9566074950690335
127:
1,33,20,0.9811320754716981
2,187,113,0.9633333333333334
3,31,25,1.0
4,329,185,0.9610894941634242
128:
1,30,20,0.98
2,179,105,0.971830985915493
3,30,22,0.9807692307692307
4,340,176,0.9709302325581395
129:
1,28,19,0.9361702127659575
2,197,89,0.9685314685314685
3,34,16,0.96
4,329,210,0.9628942486085343
130:
1,31,14,0.9555555555555556
2,187,105,0.958904109589041
3,38,17,1.0
4,320,202,0.9636015325670498
131:
1,32,16,0.9583333333333334
2,183,101,0.9612676056338029
3,32,25,0.9649122807017544
4,344,175,0.9653179190751445
132:
1,35,17,1.0
2,169,104,0.967032967032967
3,27,26,1.0
4,348,192,0.9629629629629629
133:
1,38,20,1.0
2,165,95,0.9576923076923077
3,34,17,1.0
4,345,197,0.9723247232472325
134:
1,35,23,0.9655172413793104
2,159,102,0.9770114942528736
3,44,10,0.9814814814814815
4,351,184,0.9663551401869159
135:
1,28,26,0.9814814814814815
2,160,94,0.9724409448818898
3,36,33,0.9710144927536232
4,349,197,0.9597069597069597
136:
1,30,17,0.9787234042553191
2,152,91,0.9753086419753086
3,40,24,0.984375
4,367,181,0.9653284671532847
137:
1,26,19,0.9777777777777777
2,145,88,0.9828326180257511
3,41,33,0.9594594594594594
4,375,196,0.968476357267951
138:
1,22,20,0.9523809523809523
2,142,83,0.9688888888888889
3,54,21,0.9333333333333333
4,353,216,0.9666080843585237
139:
1,20,17,1.0
2,145,79,0.9732142857142857
3,56,28,0.9523809523809523
4,347,196,0.9668508287292817
140:
1,22,12,0.9705882352941176
2,143,82,0.9688888888888889
3,71,28,0.9494949494949495
4,355,184,0.9703153988868275
141:
1,26,11,0.918918918918919
2,143,74,0.9723502304147466
3,69,41,0.9545454545454546
4,347,205,0.967391304347826
142:
1,32,9,0.926829268292683
2,145,84,0.9868995633187773
3,74,41,0.9652173913043478
4,344,198,0.9760147601476015
143:
1,33,16,0.9591836734693877
2,127,81,0.9807692307692307
3,74,49,0.983739837398374
4,346,192,0.9684014869888475
144:
1,36,14,1.0
2,131,70,0.9701492537313433
3,82,40,0.9754098360655737
4,324,213,0.9832402234636871
145:
1,35,16,0.9803921568627451
2,124,82,0.9660194174757282
3,81,48,0.9612403100775194
4,328,176,0.9662698412698413
146:
1,40,13,0.9622641509433962
2,113,80,0.9637305699481865
3,84,50,0.9552238805970149
4,353,155,0.9822834645669292
147:
1,37,18,0.9454545454545454
2,102,70,0.9593023255813954
3,88,51,0.9640287769784173
4,349,194,0.9779005524861878
148:
1,32,22,0.9444444444444444
2,105,56,0.9751552795031055
3,91,54,0.9793103448275862
4,332,190,0.9770114942528736
149:
1,34,17,0.9803921568627451
2,100,66,0.9698795180722891
3,91,65,0.9935897435897436
4,349,173,0.9770114942528736
150:
1,35,23,0.9827586206896551
2,100,61,0.9751552795031055
3,102,51,0.9673202614379085
4,345,190,0.9719626168224299
151:
1,39,13,0.9807692307692307
2,100,59,0.9685534591194969
3,95,64,0.9622641509433962
4,328,210,0.9721189591078067
152:
1,38,21,0.9830508474576272
2,105,57,0.9876543209876543
3,93,64,0.9936305732484076
4,338,178,0.9767441860465116
153:
1,37,20,1.0
2,113,55,0.9761904761904762
3,99,58,0.9808917197452229
4,334,198,0.9736842105263158
154:
1,38,18,0.9821428571428571
2,119,57,0.9602272727272727
3,98,60,0.9810126582278481
4,350,183,0.975609756097561
155:
1,33,22,0.9454545454545454
2,127,60,0.9786096256684492
3,111,48,0.9748427672955975
4,366,183,0.9581056466302368
156:
1,27,21,0.9583333333333334
2,132,64,0.9693877551020408
3,98,65,0.9570552147239264
4,375,177,0.9510869565217391
157:
1,30,13,0.9767441860465116
2,123,76,0.9547738693467337
3,98,61,0.9622641509433962
4,373,196,0.945518453427065
158:
1,29,19,0.9791666666666666
2,113,75,0.9627659574468085
3,95,52,0.9795918367346939
4,361,199,0.9589285714285715
159:
1,28,16,0.9545454545454546
2,112,68,0.9611111111111111
3,92,59,0.9801324503311258
4,352,206,0.96415770609319
160:
1,25,15,0.925
2,123,67,0.9736842105263158
3,96,50,0.9794520547945206
4,364,188,0.967391304347826
161:
1,22,14,0.9166666666666666
2,128,75,0.9852216748768473
3,89,57,0.9863013698630136
4,377,204,0.9724612736660929
162:
1,19,15,0.9705882352941176
2,119,85,0.9950980392156863
3,88,54,0.9647887323943662
4,365,211,0.9704861111111112
163:
1,23,9,1.0
2,131,66,0.9746192893401016
3,79,55,0.9850746268656716
4,366,203,0.9630931458699473
164:
1,25,8,0.9696969696969697
2,129,68,0.9644670050761421
3,83,48,0.9770992366412213
4,394,174,0.9524647887323944
165:
1,20,11,1.0
2,126,76,0.9752475247524752
3,77,58,0.9703703703703703
4,381,214,0.9529411764705882
166:
1,17,12,0.9310344827586207
2,127,67,0.9742268041237113
3,84,50,0.9701492537313433
4,391,190,0.9690189328743546
167:
1,17,8,0.92
2,128,67,0.9538461538461539
3,74,52,0.9603174603174603
4,403,196,0.9599332220367279
168:
1,15,7,0.9545454545454546
2,121,72,0.9585492227979274
3,69,49,0.9661016949152542
4,390,214,0.9619205298013245
169:
1,15,6,0.8571428571428571
2,111,80,0.9581151832460733
3,73,44,0.9829059829059829
4,401,193,0.9629629629629629
170:
1,12,10,0.9545454545454546
2,117,66,0.9726775956284153
3,76,43,0.9663865546218487
4,403,209,0.9689542483660131
171:
1,12,6,1.0
2,126,65,0.9790575916230366
3,59,53,0.9732142857142857
4,405,214,0.962843295638126
172:
1,9,7,1.0
2,129,63,0.9635416666666666
3,64,34,0.9897959183673469
4,408,214,0.9662379421221865
173:
1,11,3,1.0
2,138,64,0.9851485148514851
3,65,40,0.9714285714285714
4,416,208,0.967948717948718
174:
1,9,8,0.9411764705882353
2,138,69,0.9758454106280193
3,59,40,0.9696969696969697
4,411,228,0.9812206572769953
175:
1,7,8,1.0
2,132,79,0.9715639810426541
3,54,39,0.9354838709677419
4,423,216,0.974960876369327
176:
1,8,5,1.0
2,135,64,0.964824120603015
3,53,31,0.9642857142857143
4,413,245,0.9726443768996961
177:
1,7,6,1.0
2,130,79,0.9712918660287081
3,53,33,0.9651162790697675
4,413,234,0.9659969088098919
178:
1,9,5,1.0
2,131,78,0.9617224880382775
3,52,33,0.9764705882352941
4,437,213,0.9723076923076923
179:
1,7,10,1.0
2,132,77,0.9665071770334929
3,48,35,0.9879518072289156
4,424,236,0.9681818181818181
180:
1,11,1,1.0
2,128,76,0.9607843137254902
3,52,32,1.0
4,425,233,0.9650455927051672
181:
1,9,5,1.0
2,122,73,0.9641025641025641
3,59,25,0.9880952380952381
4,421,234,0.9633587786259542
182:
1,5,7,1.0
2,120,74,0.9742268041237113
3,59,34,0.956989247311828
4,429,231,0.9621212121212122
183:
1,4,3,1.0
2,129,59,0.9946808510638298
3,58,32,0.9555555555555556
4,434,238,0.96875
184:
1,4,4,0.875
2,117,71,0.973404255319149
3,60,33,0.989247311827957
4,445,222,0.9625187406296851
185:
1,4,4,0.875
2,125,61,0.978494623655914
3,59,31,1.0
4,439,235,0.9614243323442137
186:
1,3,5,1.0
2,122,71,0.9637305699481865
3,58,33,0.978021978021978
4,420,251,0.9761549925484352
187:
1,3,2,0.8
2,129,63,0.9739583333333334
3,54,37,0.978021978021978
4,423,237,0.9757575757575757
188:
1,3,3,1.0
2,124,71,0.9846153846153847
3,53,36,0.9887640449438202
4,431,227,0.9696048632218845
189:
1,3,3,1.0
2,116,84,0.985
3,61,26,0.9885057471264368
4,460,207,0.974512743628186
190:
1,4,1,1.0
2,111,68,0.9720670391061452
3,54,41,0.9789473684210527
4,429,261,0.9826086956521739
191:
1,6,0,1.0
2,113,71,0.9565217391304348
3,58,33,0.989010989010989
4,436,230,0.972972972972973
192:
1,7,2,1.0
2,126,64,0.9789473684210527
3,55,41,0.9791666666666666
4,450,219,0.9790732436472347
193:
1,4,3,1.0
2,126,70,0.9744897959183674
3,63,29,0.9565217391304348
4,449,223,0.9702380952380952
194:
1,2,4,1.0
2,134,62,0.9744897959183674
3,62,36,0.9591836734693877
4,442,238,0.9544117647058824
195:
1,4,1,1.0
2,123,84,0.9806763285024155
3,65,32,0.979381443298969
4,436,226,0.9622356495468278
196:
1,3,3,0.8333333333333334
2,129,74,0.9704433497536946
3,65,32,0.9587628865979382
4,428,239,0.9655172413793104
197:
1,2,2,0.75
2,127,82,0.9521531100478469
3,60,37,0.979381443298969
4,437,209,0.9705882352941176
198:
1,2,2,0.75
2,134,75,0.9617224880382775
3,61,30,0.989010989010989
4,425,254,0.9661266568483063
199:
1,1,4,1.0
2,124,84,0.9663461538461539
3,62,35,0.9896907216494846
4,424,227,0.978494623655914
200:
1,3,2,1.0
2,131,68,0.964824120603015
3,63,31,0.9680851063829787
4,439,210,0.9768875192604006
201:
1,5,1,1.0
2,119,83,0.9702970297029703
3,63,38,0.9900990099009901
4,445,225,0.9791044776119403
202:
1,4,4,1.0
2,109,74,0.9781420765027322
3,55,37,1.0
4,428,219,0.9659969088098919
203:
1,6,1,1.0
2,101,71,0.9709302325581395
3,65,29,0.9680851063829787
4,410,235,0.9658914728682171
204:
1,8,1,0.8888888888888888
2,106,61,0.9640718562874252
3,61,37,0.9795918367346939
4,405,228,0.976303317535545
205:
1,9,4,0.9230769230769231
2,113,61,0.9540229885057471
3,59,37,0.9583333333333334
4,410,233,0.9828926905132193
206:
1,9,5,0.8571428571428571
2,103,72,0.9714285714285714
3,59,35,1.0
4,419,223,0.9781931464174455
207:
1,11,4,0.8
2,106,57,0.9570552147239264
3,59,34,1.0
4,422,231,0.9678407350689127
208:
1,7,9,0.9375
2,106,55,0.9751552795031055
3,66,32,0.9795918367346939
4,408,252,0.9651515151515152
209:
1,8,4,1.0
2,102,56,0.9683544303797469
3,59,47,0.9622641509433962
4,419,228,0.964451313755796
210:
1,11,4,1.0
2,100,49,0.959731543624161
3,60,34,0.9574468085106383
4,446,221,0.9655172413793104
211:
1,10,7,1.0
2,93,56,0.9798657718120806
3,61,38,0.9393939393939394
4,454,236,0.9637681159420289
212:
1,9,7,1.0
2,94,45,0.9856115107913669
3,58,35,0.9247311827956989
4,437,251,0.9651162790697675
213:
1,12,5,1.0
2,91,55,0.9726027397260274
3,61,34,0.968421052631579
4,447,227,0.9673590504451038
214:
1,11,9,0.95
2,90,54,0.9375
3,66,29,0.9473684210526315
4,459,224,0.9765739385065886
215:
1,11,7,1.0
2,88,55,0.972027972027972
3,58,42,0.96
4,455,241,0.9640804597701149
216:
1,11,6,1.0
2,100,48,0.9864864864864865
3,60,35,0.9263157894736842
4,444,233,0.9704579025110783
217:
1,12,5,1.0
2,100,55,0.9806451612903225
3,67,28,0.968421052631579
4,445,232,0.9704579025110783
218:
1,10,7,1.0
2,101,54,0.9548387096774194
3,65,39,0.9519230769230769
4,431,247,0.9631268436578171
219:
1,9,5,1.0
2,99,64,0.9631901840490797
3,66,33,0.98989898989899
4,437,233,0.9791044776119403
220:
1,11,3,1.0
2,94,63,0.9872611464968153
3,73,38,0.9819819819819819
4,455,222,0.9719350073855244
221:
1,13,3,0.9375
2,89,62,0.9801324503311258
3,78,39,0.9829059829059829
4,448,238,0.9737609329446064
222:
1,12,6,0.9444444444444444
2,102,41,0.972027972027972
3,81,35,0.9741379310344828
4,440,242,0.9706744868035191
223:
1,7,9,0.9375
2,95,61,0.9743589743589743
3,78,43,0.9669421487603306
4,425,252,0.96602658788774
224:
1,3,8,1.0
2,93,54,0.9659863945578231
3,82,41,0.959349593495935
4,447,211,0.9741641337386018
225:
1,3,2,1.0
2,96,57,0.9803921568627451
3,88,36,0.9596774193548387
4,432,250,0.9765395894428153
226:
1,4,1,1.0
2,97,58,0.9935483870967742
3,88,45,0.9699248120300752
4,439,232,0.9672131147540983
227:
1,4,0,1.0
2,99,60,0.9811320754716981
3,80,55,0.9777777777777777
4,424,246,0.9731343283582089
228:
1,4,2,1.0
2,111,53,0.9634146341463414
3,88,46,0.9850746268656716
4,392,239,0.9698890649762282
229:
1,4,2,1.0
2,113,59,0.9593023255813954
3,99,40,0.9784172661870504
4,395,224,0.9693053311793215
230:
1,0,6,1.0
2,103,68,0.9649122807017544
3,89,63,0.9802631578947368
4,407,217,0.969551282051282
231:
2,96,70,0.9819277108433735
3,83,51,0.9626865671641791
4,418,213,0.971473851030111
232:
2,97,57,0.974025974025974
3,84,46,0.9769230769230769
4,422,220,0.9719626168224299
233:
2,101,56,0.9554140127388535
3,92,47,0.9712230215827338
4,413,221,0.9716088328075709
234:
2,100,53,0.9738562091503268
3,99,47,0.9863013698630136
4,398,226,0.969551282051282
235:
2,99,57,0.9743589743589743
3,90,57,0.9727891156462585
4,379,243,0.9694533762057878
236:
2,91,58,0.959731543624161
3,87,58,0.9724137931034482
4,410,190,0.965
237:
2,85,59,0.9722222222222222
3,107,35,0.9436619718309859
4,409,229,0.9592476489028213
238:
2,88,49,0.9708029197080292
3,100,57,0.9490445859872612
4,435,216,0.9631336405529954
239:
2,89,43,0.9696969696969697
3,93,55,0.972972972972973
4,435,231,0.9684684684684685
240:
2,78,58,0.9779411764705882
3,85,53,0.9855072463768116
4,452,212,0.9759036144578314
241:
2,83,45,0.9921875
3,85,51,0.9705882352941176
4,445,242,0.9679767103347889
242:
2,80,46,0.9761904761904762
3,80,49,0.9767441860465116
4,440,234,0.9629080118694362
243:
2,85,44,0.9767441860465116
3,77,51,0.96875
4,433,247,0.9735294117647059
244:
2,77,53,0.9769230769230769
3,79,47,0.9365079365079365
4,411,251,0.9682779456193353
245:
2,81,44,0.992
3,77,48,0.96
4,413,231,0.9658385093167702
246:
2,86,42,0.9765625
3,83,48,0.9770992366412213
4,432,212,0.9704968944099379
247:
2,84,50,0.9626865671641791
3,85,58,0.9790209790209791
4,452,217,0.9715994020926756
248:
2,84,47,0.9541984732824428
3,88,55,0.986013986013986
4,456,229,0.9737226277372263
249:
2,83,49,0.9848484848484849
3,87,53,0.9928571428571429
4,451,223,0.9851632047477745
250:
2,77,50,0.9763779527559056
3,87,46,0.9924812030075187
4,425,254,0.9837997054491899
251:
2,71,55,0.9761904761904762
3,88,50,0.9855072463768116
4,422,222,0.9704968944099379
252:
2,77,48,0.976
3,90,55,0.9724137931034482
4,435,214,0.9645608628659477
253:
2,78,51,0.9612403100775194
3,90,54,0.9861111111111112
4,422,235,0.9771689497716894
254:
2,77,42,0.9831932773109243
3,93,49,0.9859154929577465
4,414,226,0.971875
255:
2,84,40,0.9596774193548387
3,93,59,0.9671052631578947
4,430,212,0.9672897196261683
256:
2,75,59,0.9402985074626866
3,93,59,0.9407894736842105
4,447,207,0.9648318042813455
257:
2,76,49,0.944
3,99,45,0.9722222222222222
4,405,272,0.9719350073855244
258:
2,84,38,0.9426229508196722
3,92,56,0.9864864864864865
4,413,214,0.9792663476874003
259:
2,89,42,0.9618320610687023
3,95,49,0.9791666666666666
4,415,228,0.9751166407465007
260:
2,85,47,0.9393939393939394
3,90,61,0.9735099337748344
4,389,253,0.9750778816199377
261:
2,82,46,0.953125
3,92,51,0.9790209790209791
4,385,220,0.9785123966942149
262:
2,83,45,0.96875
3,88,50,0.9565217391304348
4,414,201,0.9707317073170731
263:
2,71,56,0.9763779527559056
3,87,51,0.9420289855072463
4,407,240,0.9783616692426584
264:
2,78,38,0.9913793103448276
3,85,50,0.9407407407407408
4,414,211,0.9824
265:
2,83,42,0.96
3,78,55,0.924812030075188
4,412,248,0.9727272727272728
266:
2,87,44,0.9847328244274809
3,74,54,0.9296875
4,421,214,0.9637795275590552
267:
2,92,41,0.9849624060150376
3,67,52,0.9831932773109243
4,426,231,0.9771689497716894
268:
2,93,49,0.9929577464788732
3,76,38,0.9824561403508771
4,441,213,0.9785932721712538
269:
2,95,43,0.9855072463768116
3,71,55,0.9761904761904762
4,429,238,0.9760119940029985
270:
2,79,63,0.9788732394366197
3,74,47,0.9669421487603306
4,448,207,0.9679389312977099
271:
2,83,38,0.9752066115702479
3,78,45,0.9512195121951219
4,398,267,0.9624060150375939
272:
2,86,42,0.96875
3,87,44,0.9694656488549618
4,395,224,0.9644588045234249
273:
2,92,42,0.9776119402985075
3,86,49,0.9703703703703703
4,415,218,0.9589257503949447
274:
2,97,42,0.9496402877697842
3,86,53,0.9568345323741008
4,435,210,0.9565891472868217
275:
2,102,50,0.9342105263157895
3,82,54,0.9558823529411765
4,431,231,0.9667673716012085
276:
2,108,50,0.9683544303797469
3,87,39,0.9523809523809523
4,435,210,0.9658914728682171
277:
2,108,58,0.963855421686747
3,91,46,0.9416058394160584
4,432,235,0.967016491754123
278:
2,105,60,0.9454545454545454
3,90,47,0.9927007299270073
4,412,246,0.9787234042553191
279:
2,118,53,0.9766081871345029
3,76,62,0.9637681159420289
4,437,191,0.9777070063694268
280:
2,129,57,0.967741935483871
3,75,43,0.9576271186440678
4,414,249,0.9728506787330317
281:
2,131,64,0.9384615384615385
3,67,54,0.9834710743801653
4,408,215,0.9598715890850722
282:
2,126,73,0.9547738693467337
3,64,41,0.9809523809523809
4,398,230,0.9681528662420382
283:
2,131,68,0.9396984924623115
3,73,40,0.9823008849557522
4,403,213,0.9707792207792207
284:
2,138,74,0.9622641509433962
3,75,40,0.9826086956521739
4,402,210,0.9754901960784313
285:
2,138,79,0.9723502304147466
3,70,44,0.9473684210526315
4,396,216,0.9673202614379085
286:
2,145,75,0.9636363636363636
3,67,42,0.9357798165137615
4,372,224,0.9630872483221476
287:
2,147,83,0.9652173913043478
3,69,38,0.9813084112149533
4,393,182,0.9565217391304348
288:
2,159,69,0.9649122807017544
3,65,40,0.9809523809523809
4,371,219,0.9728813559322034
289:
2,148,96,0.9754098360655737
3,64,40,0.9615384615384616
4,380,198,0.9653979238754326
290:
2,135,89,0.9821428571428571
3,63,41,0.9711538461538461
4,365,214,0.9568221070811744
291:
2,135,82,0.9861751152073732
3,50,48,0.9795918367346939
4,374,199,0.956369982547993
292:
2,145,75,0.9772727272727273
3,58,31,0.9775280898876404
4,401,187,0.9642857142857143
293:
2,144,81,0.9688888888888889
3,54,31,0.9882352941176471
4,397,217,0.9690553745928339
294:
2,149,71,0.9545454545454546
3,45,39,0.9880952380952381
4,423,205,0.9617834394904459
295:
2,146,78,0.9598214285714286
3,47,27,0.9864864864864865
4,434,216,0.9661538461538461
296:
2,135,87,0.963963963963964
3,55,23,0.9743589743589743
4,437,225,0.9607250755287009
297:
2,138,72,0.9714285714285714
3,47,39,0.9302325581395349
4,428,233,0.983358547655068
298:
2,139,74,0.9765258215962441
3,49,26,0.9866666666666667
4,456,203,0.9817905918057663
299:
2,142,78,0.9772727272727273
3,48,29,0.974025974025974
4,432,247,0.9808541973490427
300:
2,139,83,0.9774774774774775
3,46,28,0.9594594594594594
4,430,225,0.9786259541984733
301:
2,140,81,0.9909502262443439
3,42,29,0.9577464788732394
4,410,221,0.971473851030111
302:
2,142,88,0.9608695652173913
3,44,17,0.9672131147540983
4,409,230,0.9765258215962441
303:
2,159,71,0.9565217391304348
3,42,21,0.9682539682539683
4,409,223,0.9731012658227848
304:
2,148,96,0.9754098360655737
3,35,24,0.9661016949152542
4,418,225,0.968895800933126
305:
2,148,79,0.9647577092511013
3,33,21,0.9629629629629629
4,409,238,0.9629057187017002
306:
2,152,91,0.9629629629629629
3,30,19,1.0
4,404,233,0.9717425431711146
307:
2,152,98,0.96
3,30,14,1.0
4,421,202,0.9598715890850722
308:
2,152,91,0.9835390946502057
3,27,20,0.9787234042553191
4,432,209,0.9672386895475819
309:
2,166,81,0.9635627530364372
3,28,15,0.9767441860465116
4,437,223,0.9712121212121212
310:
2,155,100,0.9568627450980393
3,33,17,0.96
4,411,241,0.9708588957055214
311:
2,158,82,0.9833333333333333
3,29,26,1.0
4,412,218,0.9571428571428572
312:
2,170,73,0.9794238683127572
3,32,20,0.9423076923076923
4,408,229,0.9717425431711146
313:
2,177,92,0.9739776951672863
3,37,20,0.9824561403508771
4,398,230,0.9713375796178344
314:
2,180,95,0.9745454545454545
3,35,21,1.0
4,419,203,0.9694533762057878
315:
2,170,106,0.9456521739130435
3,31,32,0.9841269841269841
4,421,216,0.9654631083202512
316:
2,183,87,0.9629629629629629
3,33,22,0.9636363636363636
4,422,222,0.967391304347826
317:
2,174,110,0.9507042253521126
3,36,20,0.9464285714285714
4,396,235,0.9762282091917591
318:
2,183,98,0.9644128113879004
3,40,16,0.9464285714285714
4,375,239,0.9690553745928339
319:
2,178,108,0.965034965034965
3,40,23,0.9682539682539683
4,355,232,0.969335604770017
320:
2,182,95,0.9711191335740073
3,36,28,0.984375
4,356,205,0.9750445632798574
321:
2,181,103,0.9612676056338029
3,34,23,0.9824561403508771
4,354,209,0.9715808170515098
322:
2,188,96,0.971830985915493
3,33,25,0.9827586206896551
4,371,193,0.9822695035460993
323:
2,189,100,0.9619377162629758
3,25,28,1.0
4,365,209,0.980836236933798
324:
2,176,113,0.9550173010380623
3,32,17,0.9591836734693877
4,371,207,0.967128027681661
