1:
1,269,36,1.0
2,299,36,1.0
2:
1,356,82,0.9452054794520548
2,379,108,0.9404517453798767
3:
1,432,114,0.8754578754578755
2,447,123,0.9017543859649123
4:
1,506,104,0.8327868852459016
2,495,127,0.8536977491961415
5:
1,545,113,0.7978723404255319
2,551,114,0.8090225563909774
6:
1,552,112,0.7725903614457831
2,565,122,0.7758369723435226
7:
1,549,114,0.751131221719457
2,553,127,0.7485294117647059
8:
1,567,98,0.7323308270676692
2,552,127,0.7245949926362297
9:
1,574,114,0.7005813953488372
2,560,114,0.6988130563798219
10:
1,593,88,0.6784140969162996
2,553,124,0.6838995568685377
11:
1,612,98,0.6591549295774648
2,557,107,0.6656626506024096
12:
1,610,102,0.625
2,542,128,0.6328358208955224
13:
1,612,94,0.6076487252124646
2,544,113,0.6179604261796042
14:
1,597,119,0.590782122905028
2,567,105,0.5997023809523809
15:
1,597,86,0.5812591508052709
2,585,105,0.5956521739130435
16:
1,578,117,0.5510791366906475
2,607,101,0.559322033898305
17:
1,564,86,0.5384615384615384
2,628,101,0.52400548696845
18:
1,545,97,0.5404984423676013
2,648,116,0.49345549738219896
19:
1,498,107,0.5322314049586777
2,669,109,0.487146529562982
20:
1,496,66,0.5373665480427047
2,717,100,0.4528763769889841
21:
1,461,92,0.5189873417721519
2,757,118,0.42857142857142855
22:
1,394,90,0.5371900826446281
2,812,93,0.4022099447513812
23:
1,365,66,0.5382830626450116
2,863,120,0.3814852492370295
24:
1,323,71,0.5583756345177665
2,878,141,0.3601570166830226
25:
1,290,56,0.5433526011560693
2,918,124,0.3435700575815739
26:
1,251,63,0.5445859872611465
2,962,141,0.3345421577515866
27:
1,219,47,0.5639097744360902
2,991,138,0.325066430469442
28:
1,206,29,0.5872340425531914
2,1027,153,0.3169491525423729
29:
1,188,30,0.5871559633027523
2,1042,158,0.31166666666666665
30:
1,166,33,0.592964824120603
2,1080,133,0.31574608408903543
31:
1,154,21,0.6114285714285714
2,1112,146,0.3068362480127186
32:
1,139,22,0.6086956521739131
2,1114,157,0.31156569630212433
33:
1,118,23,0.6312056737588653
2,1144,135,0.3017982799061767
34:
1,114,10,0.6290322580645161
2,1160,157,0.2976461655277145
35:
1,99,16,0.6434782608695652
2,1169,148,0.296127562642369
36:
1,89,11,0.67
2,1185,151,0.29790419161676646
37:
1,82,8,0.6888888888888889
2,1211,137,0.2952522255192878
38:
1,75,9,0.6904761904761905
2,1246,125,0.2961342086068563
39:
1,64,11,0.7466666666666667
2,1245,146,0.2897196261682243
40:
1,59,8,0.7611940298507462
2,1203,173,0.2768895348837209
41:
1,50,10,0.75
2,1200,159,0.2729948491537896
42:
1,43,8,0.7843137254901961
2,1241,138,0.26468455402465557
43:
1,39,4,0.7906976744186046
2,1268,141,0.2590489709013485
44:
1,34,5,0.7692307692307693
2,1275,140,0.26148409893992935
45:
1,32,2,0.7647058823529411
2,1285,136,0.2603800140745954
46:
1,30,2,0.78125
2,1318,112,0.2517482517482518
47:
1,29,1,0.8
2,1345,111,0.2396978021978022
48:
1,25,4,0.7931034482758621
2,1332,127,0.2350925291295408
49:
1,22,3,0.8
2,1325,119,0.23130193905817176
50:
1,22,0,0.7727272727272727
2,1325,131,0.22184065934065933
