51:
1,37,5,1.0
2,40,5,1.0
3,39,7,1.0
4,45,4,1.0
5,45,6,1.0
6,28,4,1.0
7,52,3,1.0
52:
1,43,6,0.9795918367346939
2,50,13,0.9841269841269841
3,38,15,0.9433962264150944
4,46,17,0.9206349206349206
5,52,12,0.921875
6,28,8,0.9444444444444444
7,61,14,0.9466666666666667
53:
1,42,17,0.8813559322033898
2,57,28,0.8705882352941177
3,39,16,0.8909090909090909
4,52,18,0.8428571428571429
5,54,25,0.8607594936708861
6,33,13,0.8260869565217391
7,79,19,0.7857142857142857
54:
1,44,15,0.7457627118644068
2,70,25,0.7684210526315789
3,43,15,0.7758620689655172
4,50,25,0.7866666666666666
5,61,25,0.7674418604651163
6,36,13,0.7551020408163265
7,88,34,0.7049180327868853
55:
1,51,11,0.6451612903225806
2,82,34,0.6982758620689655
3,51,13,0.625
4,47,26,0.7534246575342466
5,73,26,0.6565656565656566
6,41,16,0.6491228070175439
7,107,37,0.6666666666666666
56:
1,54,25,0.5316455696202531
2,91,48,0.6187050359712231
3,62,17,0.46835443037974683
4,54,20,0.6891891891891891
5,84,30,0.5263157894736842
6,49,21,0.5142857142857142
7,131,45,0.625
57:
1,62,25,0.4367816091954023
2,105,40,0.6068965517241379
3,79,15,0.4148936170212766
4,63,22,0.6823529411764706
5,100,28,0.453125
6,52,21,0.5342465753424658
7,171,50,0.5294117647058824
58:
1,63,33,0.3854166666666667
2,111,54,0.503030303030303
3,93,27,0.3416666666666667
4,67,17,0.6904761904761905
5,108,51,0.3522012578616352
6,57,25,0.4634146341463415
7,208,58,0.5225563909774437
59:
1,75,25,0.3
2,115,42,0.5414012738853503
3,102,36,0.3333333333333333
4,73,19,0.6847826086956522
5,128,46,0.29310344827586204
6,60,25,0.4117647058823529
7,236,73,0.46601941747572817
60:
1,85,29,0.2807017543859649
2,99,57,0.5705128205128205
3,122,32,0.3181818181818182
4,68,23,0.6813186813186813
5,163,36,0.2613065326633166
6,63,19,0.4024390243902439
7,277,83,0.4305555555555556
61:
1,90,30,0.2833333333333333
2,86,45,0.5648854961832062
3,125,37,0.30864197530864196
4,54,24,0.7051282051282052
5,177,59,0.2330508474576271
6,64,23,0.3563218390804598
7,308,88,0.4393939393939394
62:
1,95,30,0.216
2,67,48,0.5130434782608696
3,132,31,0.2822085889570552
4,51,13,0.71875
5,194,53,0.2145748987854251
6,62,15,0.33766233766233766
7,348,89,0.43935926773455375
63:
1,112,23,0.17777777777777778
2,58,32,0.4888888888888889
3,131,37,0.25595238095238093
4,38,23,0.6721311475409836
5,220,50,0.1814814814814815
6,57,16,0.3150684931506849
7,358,114,0.4300847457627119
64:
1,124,29,0.16993464052287582
2,52,28,0.425
3,116,42,0.23417721518987342
4,23,18,0.7317073170731707
5,245,51,0.15878378378378377
6,57,11,0.27941176470588236
7,367,108,0.4189473684210526
65:
1,123,42,0.17575757575757575
2,33,30,0.42857142857142855
3,90,46,0.22794117647058823
4,13,12,0.68
5,280,58,0.12721893491124261
6,49,17,0.2727272727272727
7,390,100,0.42244897959183675
66:
1,132,31,0.17177914110429449
2,24,20,0.4090909090909091
3,78,30,0.2222222222222222
4,5,8,0.9230769230769231
5,294,78,0.11290322580645161
6,42,19,0.2459016393442623
7,394,104,0.43172690763052207
67:
1,124,52,0.1590909090909091
2,16,19,0.37142857142857144
3,51,41,0.21739130434782608
4,4,2,1.0
5,309,85,0.10152284263959391
6,32,16,0.2916666666666667
7,382,135,0.4332688588007737
68:
1,130,42,0.18023255813953487
2,17,8,0.32
3,33,32,0.24615384615384617
4,2,2,1.0
5,322,93,0.10120481927710843
6,31,7,0.3157894736842105
7,418,82,0.44
69:
1,132,55,0.1657754010695187
2,19,8,0.18518518518518517
3,33,15,0.20833333333333334
4,1,1,1.0
5,353,91,0.09684684684684684
6,26,10,0.2777777777777778
7,421,128,0.4262295081967213
70:
1,142,37,0.1787709497206704
2,19,7,0.15384615384615385
3,33,12,0.13333333333333333
4,0,1,1.0
5,375,98,0.09936575052854123
6,26,5,0.3225806451612903
7,397,131,0.44696969696969696
71:
1,143,45,0.15425531914893617
2,21,7,0.10714285714285714
3,35,13,0.10416666666666667
5,381,104,0.09690721649484536
6,24,5,0.3448275862068966
7,398,115,0.43859649122807015
72:
1,147,41,0.1595744680851064
2,20,10,0.13333333333333333
3,36,12,0.041666666666666664
5,400,104,0.0992063492063492
6,20,6,0.34615384615384615
7,386,113,0.43286573146292584
73:
1,134,54,0.1595744680851064
2,25,7,0.09375
3,32,16,0.041666666666666664
5,393,124,0.09477756286266925
6,21,3,0.3333333333333333
7,390,104,0.4068825910931174
74:
1,141,40,0.16022099447513813
2,22,10,0.09375
3,30,14,0.045454545454545456
5,414,96,0.11176470588235295
6,19,5,0.2916666666666667
7,372,113,0.38556701030927837
75:
1,142,52,0.16494845360824742
2,18,8,0.11538461538461539
3,28,10,0.05263157894736842
5,427,117,0.10477941176470588
6,15,5,0.25
7,362,117,0.3674321503131524
76:
1,129,59,0.16489361702127658
2,16,4,0.15
3,28,7,0.05714285714285714
5,423,119,0.0996309963099631
6,14,4,0.2777777777777778
7,378,89,0.3468950749464668
77:
1,124,49,0.1676300578034682
2,10,9,0.15789473684210525
3,24,10,0.058823529411764705
5,431,129,0.09821428571428571
6,8,7,0.3333333333333333
7,397,93,0.3040816326530612
78:
1,126,40,0.18674698795180722
2,5,8,0.15384615384615385
3,22,6,0.07142857142857142
5,456,113,0.09666080843585237
6,4,4,0.625
7,409,91,0.284
79:
1,114,50,0.18292682926829268
2,2,3,0.2
3,19,6,0.08
5,464,145,0.08866995073891626
6,1,3,1.0
7,409,108,0.25338491295938104
80:
1,108,38,0.1780821917808219
2,1,1,0.5
3,11,9,0.1
5,470,131,0.08818635607321132
6,0,1,1.0
7,397,112,0.23968565815324164
81:
1,103,35,0.18840579710144928
2,0,1,1.0
3,7,5,0.16666666666666666
5,483,147,0.07777777777777778
7,412,99,0.21135029354207435
82:
1,93,34,0.15748031496062992
3,3,4,0.14285714285714285
5,485,158,0.07309486780715396
7,435,89,0.17938931297709923
83:
1,79,33,0.14285714285714285
3,1,2,0.3333333333333333
5,485,163,0.06018518518518518
7,427,118,0.163302752293578
84:
1,57,33,0.15555555555555556
3,1,0,1.0
5,497,153,0.05384615384615385
7,415,124,0.14842300556586271
85:
1,31,31,0.1935483870967742
3,0,1,1.0
5,488,181,0.043348281016442454
7,439,111,0.13090909090909092
86:
1,15,17,0.25
5,494,154,0.043209876543209874
7,488,103,0.11336717428087986
87:
1,13,5,0.16666666666666666
5,477,181,0.037993920972644375
7,523,112,0.09291338582677165
88:
1,9,7,0.1875
5,424,196,0.035483870967741936
7,539,123,0.08610271903323263
89:
1,8,3,0.18181818181818182
5,406,150,0.03237410071942446
7,567,134,0.07988587731811697
90:
1,5,4,0.2222222222222222
5,382,169,0.029038112522686024
7,616,126,0.06873315363881402
91:
1,3,2,0.4
5,343,152,0.028282828282828285
7,655,144,0.060075093867334166
92:
1,3,0,0.6666666666666666
5,296,159,0.017582417582417582
7,695,147,0.057007125890736345
93:
1,1,2,0.6666666666666666
5,265,116,0.02099737532808399
7,746,154,0.05333333333333334
94:
1,0,1,1.0
5,220,138,0.019553072625698324
7,802,157,0.051094890510948905
95:
5,203,78,0.021352313167259787
7,837,181,0.04911591355599214
96:
5,184,86,0.014814814814814815
7,858,202,0.04905660377358491
97:
5,147,83,0.017391304347826087
7,898,182,0.05
98:
5,110,75,0.016216216216216217
7,922,226,0.047038327526132406
99:
5,96,52,0.013513513513513514
7,908,240,0.04529616724738676
100:
5,90,44,0.014925373134328358
7,968,203,0.04269854824935952
