1:
1,107,24,1.0
2,74,9,1.0
3,69,20,1.0
4,77,19,1.0
5,76,21,1.0
2:
1,94,74,0.9523809523809523
2,59,44,0.9320388349514563
3,55,47,0.9411764705882353
4,62,48,0.9363636363636364
5,72,44,0.9396551724137931
3:
1,97,47,0.875
2,50,34,0.8809523809523809
3,46,31,0.961038961038961
4,44,43,0.9195402298850575
5,61,43,0.875
4:
1,81,59,0.8214285714285714
2,41,31,0.7777777777777778
3,38,23,0.9016393442622951
4,42,22,0.90625
5,46,48,0.8191489361702128
5:
1,73,50,0.8048780487804879
2,30,31,0.7213114754098361
3,33,14,0.8297872340425532
4,34,20,0.8333333333333334
5,41,34,0.7733333333333333
6:
1,63,47,0.7727272727272727
2,29,19,0.7708333333333334
3,27,14,0.7560975609756098
4,33,12,0.8222222222222222
5,40,25,0.676923076923077
7:
1,55,40,0.7368421052631579
2,27,19,0.7391304347826086
3,16,21,0.7297297297297297
4,21,22,0.8372093023255814
5,41,22,0.6190476190476191
8:
1,46,39,0.6941176470588235
2,25,17,0.7142857142857143
3,15,9,0.7083333333333334
4,21,12,0.7878787878787878
5,38,26,0.609375
9:
1,43,33,0.7105263157894737
2,22,20,0.5714285714285714
3,13,13,0.5769230769230769
4,13,18,0.7096774193548387
5,36,26,0.5483870967741935
10:
1,41,27,0.6911764705882353
2,21,15,0.5555555555555556
3,14,7,0.5714285714285714
4,16,10,0.7307692307692307
5,34,26,0.5166666666666667
11:
1,33,27,0.6833333333333333
2,18,15,0.45454545454545453
3,16,7,0.5217391304347826
4,12,13,0.72
5,29,25,0.5925925925925926
12:
1,30,19,0.6326530612244898
2,14,16,0.5333333333333333
3,11,12,0.5652173913043478
4,11,10,0.6190476190476191
5,29,21,0.64
13:
1,30,14,0.5227272727272727
2,14,8,0.5909090909090909
3,8,7,0.6666666666666666
4,10,9,0.47368421052631576
5,24,20,0.7272727272727273
14:
1,26,18,0.5454545454545454
2,10,11,0.42857142857142855
3,8,4,0.4166666666666667
4,13,6,0.47368421052631576
5,22,15,0.5945945945945946
15:
1,24,17,0.5853658536585366
2,11,6,0.5294117647058824
3,7,2,0.4444444444444444
4,13,8,0.47619047619047616
5,18,15,0.5757575757575758
16:
1,20,15,0.6
2,11,6,0.4117647058823529
3,5,2,0.42857142857142855
4,11,10,0.47619047619047616
5,19,8,0.5555555555555556
17:
1,19,12,0.6451612903225806
2,8,10,0.4444444444444444
3,4,1,0.6
4,10,9,0.5263157894736842
5,14,13,0.6296296296296297
18:
1,15,14,0.5517241379310345
2,8,6,0.42857142857142855
3,3,2,0.6
4,15,2,0.47058823529411764
5,15,4,0.631578947368421
19:
1,14,9,0.5217391304347826
2,8,4,0.4166666666666667
3,2,1,1.0
4,10,11,0.3333333333333333
5,8,12,0.6
20:
1,12,12,0.375
2,5,7,0.4166666666666667
3,1,1,1.0
4,10,6,0.3125
5,8,4,0.5
21:
1,12,9,0.42857142857142855
2,4,5,0.4444444444444444
3,1,0,1.0
4,8,8,0.3125
5,7,5,0.5
22:
1,14,7,0.5238095238095238
2,4,4,0.375
3,0,1,1.0
4,10,3,0.38461538461538464
5,7,4,0.5454545454545454
23:
1,13,9,0.4090909090909091
2,3,5,0.25
4,7,6,0.38461538461538464
5,8,4,0.5833333333333334
24:
1,12,9,0.38095238095238093
2,4,2,0.3333333333333333
4,4,6,0.4
5,9,3,0.5833333333333334
25:
1,12,7,0.42105263157894735
2,4,2,0.3333333333333333
4,5,2,0.5714285714285714
5,7,6,0.5384615384615384
26:
1,11,7,0.4444444444444444
2,4,2,0.3333333333333333
4,5,2,0.5714285714285714
5,7,4,0.5454545454545454
27:
1,7,10,0.4117647058823529
2,4,2,0.3333333333333333
4,4,3,0.42857142857142855
5,5,6,0.5454545454545454
28:
1,7,6,0.46153846153846156
2,4,2,0.3333333333333333
4,2,4,0.5
5,7,2,0.5555555555555556
29:
1,7,6,0.38461538461538464
2,3,3,0.3333333333333333
4,0,4,0.5
5,4,5,0.4444444444444444
30:
1,7,6,0.3076923076923077
2,3,2,0.4
4,0,2,0.5
5,4,2,0.5
31:
1,7,6,0.3076923076923077
2,3,2,0.4
4,0,2,0.5
5,4,2,0.5
32:
1,7,6,0.3076923076923077
2,3,2,0.4
4,0,2,0.5
5,3,3,0.5
33:
1,5,7,0.4166666666666667
2,2,3,0.4
4,0,2,0.5
5,4,1,0.6
34:
1,7,3,0.5
2,2,2,0.25
4,1,1,0.5
5,4,2,0.6666666666666666
35:
1,7,4,0.5454545454545454
2,2,2,0.25
4,2,0,0.5
5,3,3,0.8333333333333334
36:
1,8,2,0.6
2,2,2,0.25
4,2,0,0.5
5,3,2,1.0
37:
1,6,5,0.7272727272727273
2,2,2,0.25
4,2,1,0.3333333333333333
5,2,3,0.8
38:
1,5,3,0.75
2,2,2,0.25
4,1,2,0.3333333333333333
5,2,2,1.0
39:
1,6,2,0.875
2,2,2,0.25
4,2,0,0.5
5,3,1,0.75
40:
1,6,4,0.8
2,2,2,0.25
4,2,1,0.3333333333333333
5,3,2,0.6
41:
1,6,4,0.8
2,2,2,0.25
4,3,1,0.25
5,3,2,0.4
42:
1,4,5,0.5555555555555556
2,2,2,0.25
4,4,1,0.2
5,3,2,0.4
43:
1,5,3,0.5
2,2,2,0.25
4,3,3,0.16666666666666666
5,3,1,0.5
44:
1,6,3,0.4444444444444444
2,2,2,0.25
4,4,2,0.16666666666666666
5,3,0,0.3333333333333333
45:
1,3,6,0.4444444444444444
2,2,2,0.25
4,2,4,0.16666666666666666
5,3,0,0.3333333333333333
46:
1,7,0,0.5714285714285714
2,2,2,0.25
4,4,2,0.16666666666666666
5,1,2,0.3333333333333333
47:
1,6,5,0.36363636363636365
2,2,2,0.25
4,3,5,0.125
5,1,0,1.0
48:
1,6,3,0.4444444444444444
2,2,2,0.25
4,3,4,0.14285714285714285
5,1,0,1.0
49:
1,5,4,0.2222222222222222
2,2,2,0.25
4,1,6,0.14285714285714285
5,1,0,1.0
50:
1,5,2,0.2857142857142857
2,2,2,0.25
4,1,4,0.2
5,1,0,1.0
51:
1,5,3,0.25
2,2,2,0.25
4,2,3,0.2
5,1,0,1.0
52:
1,3,3,0.3333333333333333
2,2,2,0.25
4,3,3,0.16666666666666666
5,1,0,1.0
53:
1,3,1,0.5
2,2,2,0.25
4,3,3,0.16666666666666666
5,1,0,1.0
54:
1,3,2,0.4
2,2,2,0.25
4,2,5,0.14285714285714285
5,1,0,1.0
55:
1,2,3,0.4
2,2,2,0.25
4,4,1,0.2
5,0,1,1.0
56:
1,2,1,0.6666666666666666
2,2,2,0.25
4,2,4,0.16666666666666666
57:
1,1,2,0.6666666666666666
2,2,2,0.25
4,2,4,0.16666666666666666
58:
1,1,1,0.5
2,2,2,0.25
4,2,3,0.2
59:
1,1,1,0.5
2,2,2,0.25
4,2,3,0.2
60:
1,1,1,0.5
2,2,2,0.25
4,3,2,0.2
61:
1,1,1,0.5
2,2,2,0.25
4,1,5,0.16666666666666666
62:
1,1,1,0.5
2,2,2,0.25
4,3,1,0.25
63:
1,1,1,0.5
2,2,2,0.25
4,2,3,0.2
64:
1,1,1,0.5
2,2,2,0.25
4,1,3,0.25
65:
1,1,1,0.5
2,2,2,0.25
4,0,3,0.3333333333333333
66:
1,1,1,0.5
2,2,2,0.25
4,0,2,0.5
67:
1,1,1,0.5
2,2,2,0.25
4,0,2,0.5
68:
1,1,1,0.5
2,2,2,0.25
4,0,2,0.5
69:
1,1,1,0.5
2,2,2,0.25
4,0,2,0.5
70:
1,1,1,0.5
2,2,2,0.25
4,0,2,0.5
71:
1,1,1,0.5
2,2,2,0.25
4,0,2,0.5
72:
1,1,1,0.5
2,2,2,0.25
4,0,2,0.5
73:
1,1,1,0.5
2,2,2,0.25
4,0,2,0.5
74:
1,1,1,0.5
2,2,2,0.25
4,0,2,0.5
75:
1,1,1,0.5
2,2,2,0.25
4,0,2,0.5
76:
1,1,1,0.5
2,2,2,0.25
4,0,2,0.5
77:
1,1,1,0.5
2,2,2,0.25
4,0,2,0.5
78:
1,1,1,0.5
2,2,2,0.25
4,0,2,0.5
79:
1,1,1,0.5
2,2,2,0.25
4,0,2,0.5
80:
1,1,1,0.5
2,2,2,0.25
4,0,2,0.5
81:
1,1,1,0.5
2,2,2,0.25
4,0,2,0.5
82:
1,1,1,0.5
2,2,2,0.25
4,0,2,0.5
83:
1,1,1,0.5
2,2,2,0.25
4,0,2,0.5
84:
1,1,1,0.5
2,2,2,0.25
4,0,2,0.5
85:
1,1,1,0.5
2,2,2,0.25
4,0,2,0.5
86:
1,1,1,0.5
2,2,2,0.25
4,0,2,0.5
87:
1,1,1,0.5
2,2,2,0.25
4,0,2,0.5
88:
1,1,1,0.5
2,2,2,0.25
4,0,2,0.5
89:
1,1,1,0.5
2,2,2,0.25
4,0,2,0.5
90:
1,1,1,0.5
2,2,2,0.25
4,0,2,0.5
91:
1,1,1,0.5
2,2,2,0.25
4,0,2,0.5
92:
1,1,1,0.5
2,2,2,0.25
4,0,2,0.5
93:
1,1,1,0.5
2,2,2,0.25
4,0,2,0.5
94:
1,1,1,0.5
2,2,2,0.25
4,0,2,0.5
95:
1,1,1,0.5
2,2,2,0.25
4,0,2,0.5
96:
1,1,1,0.5
2,2,2,0.25
4,0,2,0.5
97:
1,1,1,0.5
2,2,2,0.25
4,0,2,0.5
98:
1,1,1,0.5
2,2,2,0.25
4,0,2,0.5
99:
1,1,1,0.5
2,2,2,0.25
4,0,2,0.5
100:
1,1,1,0.5
2,2,2,0.25
4,0,2,0.5
101:
1,1,1,0.5
2,2,2,0.25
4,0,2,0.5
102:
1,1,1,0.5
2,2,2,0.25
4,0,2,0.5
103:
1,1,1,0.5
2,2,2,0.25
4,0,2,0.5
104:
1,1,1,0.5
2,2,2,0.25
4,0,2,0.5
105:
1,1,1,0.5
2,2,2,0.25
4,0,2,0.5
106:
1,1,1,0.5
2,2,2,0.25
4,0,2,0.5
107:
1,1,1,0.5
2,2,2,0.25
4,0,2,0.5
108:
1,1,1,0.5
2,2,2,0.25
4,0,2,0.5
109:
1,1,1,0.5
2,2,2,0.25
4,0,2,0.5
110:
1,1,1,0.5
2,2,2,0.25
4,0,2,0.5
111:
1,1,1,0.5
2,2,2,0.25
4,0,2,0.5
112:
1,1,1,0.5
2,2,2,0.25
4,0,2,0.5
113:
1,1,1,0.5
2,2,2,0.25
4,0,2,0.5
114:
1,1,1,0.5
2,2,2,0.25
4,0,2,0.5
115:
1,1,1,0.5
2,2,2,0.25
4,0,2,0.5
116:
1,1,1,0.5
2,2,2,0.25
4,0,2,0.5
117:
1,1,1,0.5
2,2,2,0.25
4,0,2,0.5
118:
1,1,1,0.5
2,2,2,0.25
4,0,2,0.5
119:
1,1,1,0.5
2,2,2,0.25
4,0,2,0.5
120:
1,1,1,0.5
2,2,2,0.25
4,0,2,0.5
121:
1,1,1,0.5
2,2,2,0.25
4,0,2,0.5
122:
1,1,1,0.5
2,2,2,0.25
4,0,2,0.5
123:
1,1,1,0.5
2,2,2,0.25
4,0,2,0.5
124:
1,1,1,0.5
2,2,2,0.25
4,0,2,0.5
125:
1,1,1,0.5
2,2,2,0.25
4,0,2,0.5
126:
1,1,1,0.5
2,2,2,0.25
4,0,2,0.5
127:
1,1,1,0.5
2,2,2,0.25
4,0,2,0.5
128:
1,1,1,0.5
2,2,2,0.25
4,0,2,0.5
129:
1,1,1,0.5
2,2,2,0.25
4,0,2,0.5
130:
1,1,1,0.5
2,2,2,0.25
4,0,2,0.5
131:
1,1,1,0.5
2,2,2,0.25
4,0,2,0.5
132:
1,1,1,0.5
2,2,2,0.25
4,0,2,0.5
133:
1,1,1,0.5
2,2,2,0.25
4,0,2,0.5
134:
1,1,1,0.5
2,2,2,0.25
4,0,2,0.5
135:
1,1,1,0.5
2,2,2,0.25
4,0,2,0.5
136:
1,1,1,0.5
2,2,2,0.25
4,0,2,0.5
137:
1,1,1,0.5
2,2,2,0.25
4,0,2,0.5
138:
1,1,1,0.5
2,2,2,0.25
4,0,2,0.5
139:
1,1,1,0.5
2,2,2,0.25
4,0,2,0.5
140:
1,1,1,0.5
2,2,2,0.25
4,0,2,0.5
141:
1,1,1,0.5
2,2,2,0.25
4,0,2,0.5
142:
1,1,1,0.5
2,2,2,0.25
4,0,2,0.5
143:
1,1,1,0.5
2,2,2,0.25
4,0,2,0.5
144:
1,1,1,0.5
2,2,2,0.25
4,0,2,0.5
145:
1,1,1,0.5
2,2,2,0.25
4,0,2,0.5
146:
1,1,1,0.5
2,2,2,0.25
4,0,2,0.5
147:
1,1,1,0.5
2,2,2,0.25
4,0,2,0.5
148:
1,1,1,0.5
2,2,2,0.25
4,0,2,0.5
149:
1,1,1,0.5
2,2,2,0.25
4,0,2,0.5
150:
1,1,1,0.5
2,2,2,0.25
4,0,2,0.5
151:
1,1,1,0.5
2,2,2,0.25
4,0,2,0.5
152:
1,1,1,0.5
2,2,2,0.25
4,0,2,0.5
153:
1,1,1,0.5
2,2,2,0.25
4,0,2,0.5
154:
1,1,1,0.5
2,2,2,0.25
4,0,2,0.5
155:
1,1,1,0.5
2,2,2,0.25
4,0,2,0.5
156:
1,1,1,0.5
2,2,2,0.25
4,0,2,0.5
157:
1,1,1,0.5
2,2,2,0.25
4,0,2,0.5
158:
1,1,1,0.5
2,2,2,0.25
4,0,2,0.5
159:
1,1,1,0.5
2,2,2,0.25
4,0,2,0.5
160:
1,1,1,0.5
2,2,2,0.25
4,0,2,0.5
161:
1,1,1,0.5
2,2,2,0.25
4,0,2,0.5
162:
1,1,1,0.5
2,2,2,0.25
4,0,2,0.5
163:
1,1,1,0.5
2,2,2,0.25
4,0,2,0.5
164:
1,1,1,0.5
2,2,2,0.25
4,0,2,0.5
165:
1,1,1,0.5
2,2,2,0.25
4,0,2,0.5
166:
1,1,1,0.5
2,2,2,0.25
4,0,2,0.5
167:
1,1,1,0.5
2,2,2,0.25
4,0,2,0.5
168:
1,1,1,0.5
2,2,2,0.25
4,0,2,0.5
169:
1,1,1,0.5
2,2,2,0.25
4,0,2,0.5
170:
1,1,1,0.5
2,2,2,0.25
4,0,2,0.5
171:
1,1,1,0.5
2,2,2,0.25
4,0,2,0.5
172:
1,1,1,0.5
2,2,2,0.25
4,0,2,0.5
173:
1,1,1,0.5
2,2,2,0.25
4,0,2,0.5
174:
1,1,1,0.5
2,2,2,0.25
4,0,2,0.5
175:
1,1,1,0.5
2,2,2,0.25
4,0,2,0.5
176:
1,1,1,0.5
2,2,2,0.25
4,0,2,0.5
177:
1,1,1,0.5
2,2,2,0.25
4,0,2,0.5
178:
1,1,1,0.5
2,2,2,0.25
4,0,2,0.5
179:
1,1,1,0.5
2,2,2,0.25
4,0,2,0.5
180:
1,1,1,0.5
2,2,2,0.25
4,0,2,0.5
181:
1,1,1,0.5
2,2,2,0.25
4,0,2,0.5
182:
1,1,1,0.5
2,2,2,0.25
4,0,2,0.5
183:
1,1,1,0.5
2,2,2,0.25
4,0,2,0.5
184:
1,1,1,0.5
2,2,2,0.25
4,0,2,0.5
185:
1,1,1,0.5
2,2,2,0.25
4,0,2,0.5
186:
1,1,1,0.5
2,2,2,0.25
4,0,2,0.5
187:
1,1,1,0.5
2,2,2,0.25
4,0,2,0.5
188:
1,1,1,0.5
2,2,2,0.25
4,0,2,0.5
189:
1,1,1,0.5
2,2,2,0.25
4,0,2,0.5
190:
1,1,1,0.5
2,2,2,0.25
4,0,2,0.5
191:
1,1,1,0.5
2,2,2,0.25
4,0,2,0.5
192:
1,1,1,0.5
2,2,2,0.25
4,0,2,0.5
193:
1,1,1,0.5
2,2,2,0.25
4,0,2,0.5
194:
1,1,1,0.5
2,2,2,0.25
4,0,2,0.5
195:
1,1,1,0.5
2,2,2,0.25
4,0,2,0.5
196:
1,1,1,0.5
2,2,2,0.25
4,0,2,0.5
197:
1,1,1,0.5
2,2,2,0.25
4,0,2,0.5
198:
1,1,1,0.5
2,2,2,0.25
4,0,2,0.5
199:
1,1,1,0.5
2,2,2,0.25
4,0,2,0.5
200:
1,1,1,0.5
2,2,2,0.25
4,0,2,0.5
201:
1,1,1,0.5
2,2,2,0.25
4,0,2,0.5
202:
1,1,1,0.5
2,2,2,0.25
4,0,2,0.5
203:
1,1,1,0.5
2,2,2,0.25
4,0,2,0.5
204:
1,1,1,0.5
2,2,2,0.25
4,0,2,0.5
205:
1,1,1,0.5
2,2,2,0.25
4,0,2,0.5
206:
1,1,1,0.5
2,2,2,0.25
4,0,2,0.5
207:
1,1,1,0.5
2,2,2,0.25
4,0,2,0.5
208:
1,1,1,0.5
2,2,2,0.25
4,0,2,0.5
209:
1,1,1,0.5
2,2,2,0.25
4,0,2,0.5
210:
1,1,1,0.5
2,2,2,0.25
4,0,2,0.5
211:
1,1,1,0.5
2,2,2,0.25
4,0,2,0.5
212:
1,1,1,0.5
2,2,2,0.25
4,0,2,0.5
213:
1,1,1,0.5
2,2,2,0.25
4,0,2,0.5
214:
1,1,1,0.5
2,2,2,0.25
4,0,2,0.5
215:
1,1,1,0.5
2,2,2,0.25
4,0,2,0.5
216:
1,1,1,0.5
2,2,2,0.25
4,0,2,0.5
217:
1,1,1,0.5
2,2,2,0.25
4,0,2,0.5
218:
1,1,1,0.5
2,2,2,0.25
4,0,2,0.5
219:
1,1,1,0.5
2,2,2,0.25
4,0,2,0.5
220:
1,1,1,0.5
2,2,2,0.25
4,0,2,0.5
221:
1,1,1,0.5
2,2,2,0.25
4,0,2,0.5
222:
1,1,1,0.5
2,2,2,0.25
4,0,2,0.5
223:
1,1,1,0.5
2,2,2,0.25
4,0,2,0.5
224:
1,1,1,0.5
2,2,2,0.25
4,0,2,0.5
225:
1,1,1,0.5
2,2,2,0.25
4,0,2,0.5
226:
1,1,1,0.5
2,2,2,0.25
4,0,2,0.5
227:
1,1,1,0.5
2,2,2,0.25
4,0,2,0.5
228:
1,1,1,0.5
2,2,2,0.25
4,0,2,0.5
229:
1,1,1,0.5
2,2,2,0.25
4,0,2,0.5
230:
1,1,1,0.5
2,2,2,0.25
4,0,2,0.5
231:
1,1,1,0.5
2,2,2,0.25
4,0,2,0.5
232:
1,1,1,0.5
2,2,2,0.25
4,0,2,0.5
233:
1,1,1,0.5
2,2,2,0.25
4,0,2,0.5
234:
1,1,1,0.5
2,2,2,0.25
4,0,2,0.5
235:
1,1,1,0.5
2,2,2,0.25
4,0,2,0.5
236:
1,1,1,0.5
2,2,2,0.25
4,0,2,0.5
237:
1,1,1,0.5
2,2,2,0.25
4,0,2,0.5
238:
1,1,1,0.5
2,2,2,0.25
4,0,2,0.5
239:
1,1,1,0.5
2,2,2,0.25
4,0,2,0.5
240:
1,1,1,0.5
2,2,2,0.25
4,0,2,0.5
241:
1,1,1,0.5
2,2,2,0.25
4,0,2,0.5
242:
1,1,1,0.5
2,2,2,0.25
4,0,2,0.5
243:
1,1,1,0.5
2,2,2,0.25
4,0,2,0.5
244:
1,1,1,0.5
2,2,2,0.25
4,0,2,0.5
245:
1,1,1,0.5
2,2,2,0.25
4,0,2,0.5
246:
1,1,1,0.5
2,2,2,0.25
4,0,2,0.5
247:
1,1,1,0.5
2,2,2,0.25
4,0,2,0.5
248:
1,1,1,0.5
2,2,2,0.25
4,0,2,0.5
249:
1,1,1,0.5
2,2,2,0.25
4,0,2,0.5
250:
1,1,1,0.5
2,2,2,0.25
4,0,2,0.5
251:
1,1,1,0.5
2,2,2,0.25
4,0,2,0.5
252:
1,1,1,0.5
2,2,2,0.25
4,0,2,0.5
253:
1,1,1,0.5
2,2,2,0.25
4,0,2,0.5
254:
1,1,1,0.5
2,2,2,0.25
4,0,2,0.5
255:
1,1,1,0.5
2,2,2,0.25
4,0,2,0.5
256:
1,1,1,0.5
2,2,2,0.25
4,0,2,0.5
257:
1,1,1,0.5
2,2,2,0.25
4,0,2,0.5
258:
1,1,1,0.5
2,2,2,0.25
4,0,2,0.5
259:
1,1,1,0.5
2,2,2,0.25
4,0,2,0.5
260:
1,1,1,0.5
2,2,2,0.25
4,0,2,0.5
261:
1,1,1,0.5
2,2,2,0.25
4,0,2,0.5
262:
1,1,1,0.5
2,2,2,0.25
4,0,2,0.5
263:
1,1,1,0.5
2,2,2,0.25
4,0,2,0.5
264:
1,1,1,0.5
2,2,2,0.25
4,0,2,0.5
265:
1,1,1,0.5
2,2,2,0.25
4,0,2,0.5
266:
1,1,1,0.5
2,2,2,0.25
4,0,2,0.5
267:
1,1,1,0.5
2,2,2,0.25
4,0,2,0.5
268:
1,1,1,0.5
2,2,2,0.25
4,0,2,0.5
269:
1,1,1,0.5
2,2,2,0.25
4,0,2,0.5
270:
1,1,1,0.5
2,2,2,0.25
4,0,2,0.5
271:
1,1,1,0.5
2,2,2,0.25
4,0,2,0.5
272:
1,1,1,0.5
2,2,2,0.25
4,0,2,0.5
273:
1,1,1,0.5
2,2,2,0.25
4,0,2,0.5
274:
1,1,1,0.5
2,2,2,0.25
4,0,2,0.5
275:
1,1,1,0.5
2,2,2,0.25
4,0,2,0.5
276:
1,1,1,0.5
2,2,2,0.25
4,0,2,0.5
277:
1,1,1,0.5
2,2,2,0.25
4,0,2,0.5
278:
1,1,1,0.5
2,2,2,0.25
4,0,2,0.5
279:
1,1,1,0.5
2,2,2,0.25
4,0,2,0.5
280:
1,1,1,0.5
2,2,2,0.25
4,0,2,0.5
281:
1,1,1,0.5
2,2,2,0.25
4,0,2,0.5
282:
1,1,1,0.5
2,2,2,0.25
4,0,2,0.5
283:
1,1,1,0.5
2,2,2,0.25
4,0,2,0.5
284:
1,1,1,0.5
2,2,2,0.25
4,0,2,0.5
285:
1,1,1,0.5
2,2,2,0.25
4,0,2,0.5
286:
1,1,1,0.5
2,2,2,0.25
4,0,2,0.5
287:
1,1,1,0.5
2,2,2,0.25
4,0,2,0.5
288:
1,1,1,0.5
2,2,2,0.25
4,0,2,0.5
289:
1,1,1,0.5
2,2,2,0.25
4,0,2,0.5
290:
1,1,1,0.5
2,2,2,0.25
4,0,2,0.5
291:
1,1,1,0.5
2,2,2,0.25
4,0,2,0.5
292:
1,1,1,0.5
2,2,2,0.25
4,0,2,0.5
293:
1,1,1,0.5
2,2,2,0.25
4,0,2,0.5
294:
1,1,1,0.5
2,2,2,0.25
4,0,2,0.5
295:
1,1,1,0.5
2,2,2,0.25
4,0,2,0.5
296:
1,1,1,0.5
2,2,2,0.25
4,0,2,0.5
297:
1,1,1,0.5
2,2,2,0.25
4,0,2,0.5
298:
1,1,1,0.5
2,2,2,0.25
4,0,2,0.5
299:
1,1,1,0.5
2,2,2,0.25
4,0,2,0.5
300:
1,1,1,0.5
2,2,2,0.25
4,0,2,0.5
301:
1,1,1,0.5
2,2,2,0.25
4,0,2,0.5
302:
1,1,1,0.5
2,2,2,0.25
4,0,2,0.5
303:
1,1,1,0.5
2,2,2,0.25
4,0,2,0.5
304:
1,1,1,0.5
2,2,2,0.25
4,0,2,0.5
305:
1,1,1,0.5
2,2,2,0.25
4,0,2,0.5
306:
1,1,1,0.5
2,2,2,0.25
4,0,2,0.5
307:
1,1,1,0.5
2,2,2,0.25
4,0,2,0.5
308:
1,1,1,0.5
2,2,2,0.25
4,0,2,0.5
309:
1,1,1,0.5
2,2,2,0.25
4,0,2,0.5
310:
1,1,1,0.5
2,2,2,0.25
4,0,2,0.5
311:
1,1,1,0.5
2,2,2,0.25
4,0,2,0.5
312:
1,1,1,0.5
2,2,2,0.25
4,0,2,0.5
313:
1,1,1,0.5
2,2,2,0.25
4,0,2,0.5
314:
1,1,1,0.5
2,2,2,0.25
4,0,2,0.5
315:
1,1,1,0.5
2,2,2,0.25
4,0,2,0.5
316:
1,1,1,0.5
2,2,2,0.25
4,0,2,0.5
317:
1,1,1,0.5
2,2,2,0.25
4,0,2,0.5
318:
1,1,1,0.5
2,2,2,0.25
4,0,2,0.5
319:
1,1,1,0.5
2,2,2,0.25
4,0,2,0.5
320:
1,1,1,0.5
2,2,2,0.25
4,0,2,0.5
321:
1,1,1,0.5
2,2,2,0.25
4,0,2,0.5
322:
1,1,1,0.5
2,2,2,0.25
4,0,2,0.5
323:
1,1,1,0.5
2,2,2,0.25
4,0,2,0.5
324:
1,1,1,0.5
2,2,2,0.25
4,0,2,0.5
325:
1,1,1,0.5
2,2,2,0.25
4,0,2,0.5
326:
1,1,1,0.5
2,2,2,0.25
4,0,2,0.5
327:
1,1,1,0.5
2,2,2,0.25
4,0,2,0.5
328:
1,1,1,0.5
2,2,2,0.25
4,0,2,0.5
329:
1,1,1,0.5
2,2,2,0.25
4,0,2,0.5
330:
1,1,1,0.5
2,2,2,0.25
4,0,2,0.5
331:
1,1,1,0.5
2,2,2,0.25
4,0,2,0.5
332:
1,1,1,0.5
2,2,2,0.25
4,0,2,0.5
333:
1,1,1,0.5
2,2,2,0.25
4,0,2,0.5
334:
1,1,1,0.5
2,2,2,0.25
4,0,2,0.5
335:
1,1,1,0.5
2,2,2,0.25
4,0,2,0.5
336:
1,1,1,0.5
2,2,2,0.25
4,0,2,0.5
337:
1,1,1,0.5
2,2,2,0.25
4,0,2,0.5
338:
1,1,1,0.5
2,2,2,0.25
4,0,2,0.5
339:
1,1,1,0.5
2,2,2,0.25
4,0,2,0.5
340:
1,1,1,0.5
2,2,2,0.25
4,0,2,0.5
341:
1,1,1,0.5
2,2,2,0.25
4,0,2,0.5
342:
1,1,1,0.5
2,2,2,0.25
4,0,2,0.5
343:
1,1,1,0.5
2,2,2,0.25
4,0,2,0.5
344:
1,1,1,0.5
2,2,2,0.25
4,0,2,0.5
345:
1,1,1,0.5
2,2,2,0.25
4,0,2,0.5
346:
1,1,1,0.5
2,2,2,0.25
4,0,2,0.5
347:
1,1,1,0.5
2,2,2,0.25
4,0,2,0.5
348:
1,1,1,0.5
2,2,2,0.25
4,0,2,0.5
349:
1,1,1,0.5
2,2,2,0.25
4,0,2,0.5
350:
1,1,1,0.5
2,2,2,0.25
4,0,2,0.5
351:
1,1,1,0.5
2,2,2,0.25
4,0,2,0.5
352:
1,1,1,0.5
2,2,2,0.25
4,0,2,0.5
353:
1,1,1,0.5
2,2,2,0.25
4,0,2,0.5
354:
1,1,1,0.5
2,2,2,0.25
4,0,2,0.5
355:
1,1,1,0.5
2,2,2,0.25
4,0,2,0.5
356:
1,1,1,0.5
2,2,2,0.25
4,0,2,0.5
357:
1,1,1,0.5
2,2,2,0.25
4,0,2,0.5
358:
1,1,1,0.5
2,2,2,0.25
4,0,2,0.5
359:
1,1,1,0.5
2,2,2,0.25
4,0,2,0.5
360:
1,1,1,0.5
2,2,2,0.25
4,0,2,0.5
361:
1,1,1,0.5
2,2,2,0.25
4,0,2,0.5
362:
1,1,1,0.5
2,2,2,0.25
4,0,2,0.5
363:
1,1,1,0.5
2,2,2,0.25
4,0,2,0.5
364:
1,1,1,0.5
2,2,2,0.25
4,0,2,0.5
365:
1,1,1,0.5
2,2,2,0.25
4,0,2,0.5
366:
1,1,1,0.5
2,2,2,0.25
4,0,2,0.5
367:
1,1,1,0.5
2,2,2,0.25
4,0,2,0.5
368:
1,1,1,0.5
2,2,2,0.25
4,0,2,0.5
369:
1,1,1,0.5
2,2,2,0.25
4,0,2,0.5
370:
1,1,1,0.5
2,2,2,0.25
4,0,2,0.5
371:
1,1,1,0.5
2,2,2,0.25
4,0,2,0.5
372:
1,1,1,0.5
2,2,2,0.25
4,0,2,0.5
373:
1,1,1,0.5
2,2,2,0.25
4,0,2,0.5
374:
1,1,1,0.5
2,2,2,0.25
4,0,2,0.5
375:
1,1,1,0.5
2,2,2,0.25
4,0,2,0.5
376:
1,1,1,0.5
2,2,2,0.25
4,0,2,0.5
377:
1,1,1,0.5
2,2,2,0.25
4,0,2,0.5
378:
1,1,1,0.5
2,2,2,0.25
4,0,2,0.5
379:
1,1,1,0.5
2,2,2,0.25
4,0,2,0.5
380:
1,1,1,0.5
2,2,2,0.25
4,0,2,0.5
381:
1,1,1,0.5
2,2,2,0.25
4,0,2,0.5
382:
1,1,1,0.5
2,2,2,0.25
4,0,2,0.5
383:
1,1,1,0.5
2,2,2,0.25
4,0,2,0.5
384:
1,1,1,0.5
2,2,2,0.25
4,0,2,0.5
385:
1,1,1,0.5
2,2,2,0.25
4,0,2,0.5
386:
1,1,1,0.5
2,2,2,0.25
4,0,2,0.5
387:
1,1,1,0.5
2,2,2,0.25
4,0,2,0.5
388:
1,1,1,0.5
2,2,2,0.25
4,0,2,0.5
389:
1,1,1,0.5
2,2,2,0.25
4,0,2,0.5
390:
1,1,1,0.5
2,2,2,0.25
4,0,2,0.5
391:
1,1,1,0.5
2,2,2,0.25
4,0,2,0.5
392:
1,1,1,0.5
2,2,2,0.25
4,0,2,0.5
393:
1,1,1,0.5
2,2,2,0.25
4,0,2,0.5
394:
1,1,1,0.5
2,2,2,0.25
4,0,2,0.5
395:
1,1,1,0.5
2,2,2,0.25
4,0,2,0.5
396:
1,1,1,0.5
2,2,2,0.25
4,0,2,0.5
397:
1,1,1,0.5
2,2,2,0.25
4,0,2,0.5
398:
1,1,1,0.5
2,2,2,0.25
4,0,2,0.5
399:
1,1,1,0.5
2,2,2,0.25
4,0,2,0.5
400:
1,1,1,0.5
2,2,2,0.25
4,0,2,0.5
401:
1,1,1,0.5
2,2,2,0.25
4,0,2,0.5
402:
1,1,1,0.5
2,2,2,0.25
4,0,2,0.5
403:
1,1,1,0.5
2,2,2,0.25
4,0,2,0.5
404:
1,1,1,0.5
2,2,2,0.25
4,0,2,0.5
405:
1,1,1,0.5
2,2,2,0.25
4,0,2,0.5
406:
1,1,1,0.5
2,2,2,0.25
4,0,2,0.5
407:
1,1,1,0.5
2,2,2,0.25
4,0,2,0.5
408:
1,1,1,0.5
2,2,2,0.25
4,0,2,0.5
409:
1,1,1,0.5
2,2,2,0.25
4,0,2,0.5
410:
1,1,1,0.5
2,2,2,0.25
4,0,2,0.5
411:
1,1,1,0.5
2,2,2,0.25
4,0,2,0.5
412:
1,1,1,0.5
2,2,2,0.25
4,0,2,0.5
413:
1,1,1,0.5
2,2,2,0.25
4,0,2,0.5
414:
1,1,1,0.5
2,2,2,0.25
4,0,2,0.5
415:
1,1,1,0.5
2,2,2,0.25
4,0,2,0.5
416:
1,1,1,0.5
2,2,2,0.25
4,0,2,0.5
417:
1,1,1,0.5
2,2,2,0.25
4,0,2,0.5
418:
1,1,1,0.5
2,2,2,0.25
4,0,2,0.5
419:
1,1,1,0.5
2,2,2,0.25
4,0,2,0.5
420:
1,1,1,0.5
2,2,2,0.25
4,0,2,0.5
421:
1,1,1,0.5
2,2,2,0.25
4,0,2,0.5
422:
1,1,1,0.5
2,2,2,0.25
4,0,2,0.5
423:
1,1,1,0.5
2,2,2,0.25
4,0,2,0.5
424:
1,1,1,0.5
2,2,2,0.25
4,0,2,0.5
425:
1,1,1,0.5
2,2,2,0.25
4,0,2,0.5
426:
1,1,1,0.5
2,2,2,0.25
4,0,2,0.5
427:
1,1,1,0.5
2,2,2,0.25
4,0,2,0.5
428:
1,1,1,0.5
2,2,2,0.25
4,0,2,0.5
429:
1,1,1,0.5
2,2,2,0.25
4,0,2,0.5
430:
1,1,1,0.5
2,2,2,0.25
4,0,2,0.5
431:
1,1,1,0.5
2,2,2,0.25
4,0,2,0.5
432:
1,1,1,0.5
2,2,2,0.25
4,0,2,0.5
433:
1,1,1,0.5
2,2,2,0.25
4,0,2,0.5
434:
1,1,1,0.5
2,2,2,0.25
4,0,2,0.5
435:
1,1,1,0.5
2,2,2,0.25
4,0,2,0.5
436:
1,1,1,0.5
2,2,2,0.25
4,0,2,0.5
437:
1,1,1,0.5
2,2,2,0.25
4,0,2,0.5
438:
1,1,1,0.5
2,2,2,0.25
4,0,2,0.5
439:
1,1,1,0.5
2,2,2,0.25
4,0,2,0.5
440:
1,1,1,0.5
2,2,2,0.25
4,0,2,0.5
441:
1,1,1,0.5
2,2,2,0.25
4,0,2,0.5
442:
1,1,1,0.5
2,2,2,0.25
4,0,2,0.5
443:
1,1,1,0.5
2,2,2,0.25
4,0,2,0.5
444:
1,1,1,0.5
2,2,2,0.25
4,0,2,0.5
445:
1,1,1,0.5
2,2,2,0.25
4,0,2,0.5
446:
1,1,1,0.5
2,2,2,0.25
4,0,2,0.5
447:
1,1,1,0.5
2,2,2,0.25
4,0,2,0.5
448:
1,1,1,0.5
2,2,2,0.25
4,0,2,0.5
449:
1,1,1,0.5
2,2,2,0.25
4,0,2,0.5
450:
1,1,1,0.5
2,2,2,0.25
4,0,2,0.5
451:
1,1,1,0.5
2,2,2,0.25
4,0,2,0.5
452:
1,1,1,0.5
2,2,2,0.25
4,0,2,0.5
453:
1,1,1,0.5
2,2,2,0.25
4,0,2,0.5
454:
1,1,1,0.5
2,2,2,0.25
4,0,2,0.5
455:
1,1,1,0.5
2,2,2,0.25
4,0,2,0.5
456:
1,1,1,0.5
2,2,2,0.25
4,0,2,0.5
457:
1,1,1,0.5
2,2,2,0.25
4,0,2,0.5
458:
1,1,1,0.5
2,2,2,0.25
4,0,2,0.5
459:
1,1,1,0.5
2,2,2,0.25
4,0,2,0.5
460:
1,1,1,0.5
2,2,2,0.25
4,0,2,0.5
461:
1,1,1,0.5
2,2,2,0.25
4,0,2,0.5
462:
1,1,1,0.5
2,2,2,0.25
4,0,2,0.5
463:
1,1,1,0.5
2,2,2,0.25
4,0,2,0.5
464:
1,1,1,0.5
2,2,2,0.25
4,0,2,0.5
465:
1,1,1,0.5
2,2,2,0.25
4,0,2,0.5
466:
1,1,1,0.5
2,2,2,0.25
4,0,2,0.5
467:
1,1,1,0.5
2,2,2,0.25
4,0,2,0.5
468:
1,1,1,0.5
2,2,2,0.25
4,0,2,0.5
469:
1,1,1,0.5
2,2,2,0.25
4,0,2,0.5
470:
1,1,1,0.5
2,2,2,0.25
4,0,2,0.5
471:
1,1,1,0.5
2,2,2,0.25
4,0,2,0.5
472:
1,1,1,0.5
2,2,2,0.25
4,0,2,0.5
473:
1,1,1,0.5
2,2,2,0.25
4,0,2,0.5
474:
1,1,1,0.5
2,2,2,0.25
4,0,2,0.5
475:
1,1,1,0.5
2,2,2,0.25
4,0,2,0.5
476:
1,1,1,0.5
2,2,2,0.25
4,0,2,0.5
477:
1,1,1,0.5
2,2,2,0.25
4,0,2,0.5
478:
1,1,1,0.5
2,2,2,0.25
4,0,2,0.5
479:
1,1,1,0.5
2,2,2,0.25
4,0,2,0.5
480:
1,1,1,0.5
2,2,2,0.25
4,0,2,0.5
481:
1,1,1,0.5
2,2,2,0.25
4,0,2,0.5
482:
1,1,1,0.5
2,2,2,0.25
4,0,2,0.5
483:
1,1,1,0.5
2,2,2,0.25
4,0,2,0.5
484:
1,1,1,0.5
2,2,2,0.25
4,0,2,0.5
485:
1,1,1,0.5
2,2,2,0.25
4,0,2,0.5
486:
1,1,1,0.5
2,2,2,0.25
4,0,2,0.5
487:
1,1,1,0.5
2,2,2,0.25
4,0,2,0.5
488:
1,1,1,0.5
2,2,2,0.25
4,0,2,0.5
489:
1,1,1,0.5
2,2,2,0.25
4,0,2,0.5
490:
1,1,1,0.5
2,2,2,0.25
4,0,2,0.5
491:
1,1,1,0.5
2,2,2,0.25
4,0,2,0.5
492:
1,1,1,0.5
2,2,2,0.25
4,0,2,0.5
493:
1,1,1,0.5
2,2,2,0.25
4,0,2,0.5
494:
1,1,1,0.5
2,2,2,0.25
4,0,2,0.5
495:
1,1,1,0.5
2,2,2,0.25
4,0,2,0.5
496:
1,1,1,0.5
2,2,2,0.25
4,0,2,0.5
497:
1,1,1,0.5
2,2,2,0.25
4,0,2,0.5
498:
1,1,1,0.5
2,2,2,0.25
4,0,2,0.5
499:
1,1,1,0.5
2,2,2,0.25
4,0,2,0.5
500:
1,1,1,0.5
2,2,2,0.25
4,0,2,0.5
501:
1,1,1,0.5
2,2,2,0.25
4,0,2,0.5
502:
1,1,1,0.5
2,2,2,0.25
4,0,2,0.5
503:
1,1,1,0.5
2,2,2,0.25
4,0,2,0.5
504:
1,1,1,0.5
2,2,2,0.25
4,0,2,0.5
505:
1,1,1,0.5
2,2,2,0.25
4,0,2,0.5
506:
1,1,1,0.5
2,2,2,0.25
4,0,2,0.5
507:
1,1,1,0.5
2,2,2,0.25
4,0,2,0.5
508:
1,1,1,0.5
2,2,2,0.25
4,0,2,0.5
509:
1,1,1,0.5
2,2,2,0.25
4,0,2,0.5
510:
1,1,1,0.5
2,2,2,0.25
4,0,2,0.5
511:
1,1,1,0.5
2,2,2,0.25
4,0,2,0.5
512:
1,1,1,0.5
2,2,2,0.25
4,0,2,0.5
513:
1,1,1,0.5
2,2,2,0.25
4,0,2,0.5
514:
1,1,1,0.5
2,2,2,0.25
4,0,2,0.5
515:
1,1,1,0.5
2,2,2,0.25
4,0,2,0.5
516:
1,1,1,0.5
2,2,2,0.25
4,0,2,0.5
517:
1,1,1,0.5
2,2,2,0.25
4,0,2,0.5
518:
1,1,1,0.5
2,2,2,0.25
4,0,2,0.5
519:
1,1,1,0.5
2,2,2,0.25
4,0,2,0.5
520:
1,1,1,0.5
2,2,2,0.25
4,0,2,0.5
521:
1,1,1,0.5
2,2,2,0.25
4,0,2,0.5
522:
1,1,1,0.5
2,2,2,0.25
4,0,2,0.5
523:
1,1,1,0.5
2,2,2,0.25
4,0,2,0.5
524:
1,1,1,0.5
2,2,2,0.25
4,0,2,0.5
525:
1,1,1,0.5
2,2,2,0.25
4,0,2,0.5
526:
1,1,1,0.5
2,2,2,0.25
4,0,2,0.5
527:
1,1,1,0.5
2,2,2,0.25
4,0,2,0.5
528:
1,1,1,0.5
2,2,2,0.25
4,0,2,0.5
529:
1,1,1,0.5
2,2,2,0.25
4,0,2,0.5
530:
1,1,1,0.5
2,2,2,0.25
4,0,2,0.5
531:
1,1,1,0.5
2,2,2,0.25
4,0,2,0.5
532:
1,1,1,0.5
2,2,2,0.25
4,0,2,0.5
533:
1,1,1,0.5
2,2,2,0.25
4,0,2,0.5
534:
1,1,1,0.5
2,2,2,0.25
4,0,2,0.5
535:
1,1,1,0.5
2,2,2,0.25
4,0,2,0.5
536:
1,1,1,0.5
2,2,2,0.25
4,0,2,0.5
537:
1,1,1,0.5
2,2,2,0.25
4,0,2,0.5
538:
1,1,1,0.5
2,2,2,0.25
4,0,2,0.5
539:
1,1,1,0.5
2,2,2,0.25
4,0,2,0.5
540:
1,1,1,0.5
2,2,2,0.25
4,0,2,0.5
541:
1,1,1,0.5
2,2,2,0.25
4,0,2,0.5
542:
1,1,1,0.5
2,2,2,0.25
4,0,2,0.5
543:
1,1,1,0.5
2,2,2,0.25
4,0,2,0.5
544:
1,1,1,0.5
2,2,2,0.25
4,0,2,0.5
545:
1,1,1,0.5
2,2,2,0.25
4,0,2,0.5
546:
1,1,1,0.5
2,2,2,0.25
4,0,2,0.5
547:
1,1,1,0.5
2,2,2,0.25
4,0,2,0.5
548:
1,1,1,0.5
2,2,2,0.25
4,0,2,0.5
549:
1,1,1,0.5
2,2,2,0.25
4,0,2,0.5
550:
1,1,1,0.5
2,2,2,0.25
4,0,2,0.5
551:
1,1,1,0.5
2,2,2,0.25
4,0,2,0.5
552:
1,1,1,0.5
2,2,2,0.25
4,0,2,0.5
553:
1,1,1,0.5
2,2,2,0.25
4,0,2,0.5
554:
1,1,1,0.5
2,2,2,0.25
4,0,2,0.5
555:
1,1,1,0.5
2,2,2,0.25
4,0,2,0.5
556:
1,1,1,0.5
2,2,2,0.25
4,0,2,0.5
557:
1,1,1,0.5
2,2,2,0.25
4,0,2,0.5
558:
1,1,1,0.5
2,2,2,0.25
4,0,2,0.5
559:
1,1,1,0.5
2,2,2,0.25
4,0,2,0.5
560:
1,1,1,0.5
2,2,2,0.25
4,0,2,0.5
561:
1,1,1,0.5
2,2,2,0.25
4,0,2,0.5
562:
1,1,1,0.5
2,2,2,0.25
4,0,2,0.5
563:
1,1,1,0.5
2,2,2,0.25
4,0,2,0.5
564:
1,1,1,0.5
2,2,2,0.25
4,0,2,0.5
565:
1,1,1,0.5
2,2,2,0.25
4,0,2,0.5
566:
1,1,1,0.5
2,2,2,0.25
4,0,2,0.5
567:
1,1,1,0.5
2,2,2,0.25
4,0,2,0.5
568:
1,1,1,0.5
2,2,2,0.25
4,0,2,0.5
569:
1,1,1,0.5
2,2,2,0.25
4,0,2,0.5
570:
1,1,1,0.5
2,2,2,0.25
4,0,2,0.5
571:
1,1,1,0.5
2,2,2,0.25
4,0,2,0.5
572:
1,1,1,0.5
2,2,2,0.25
4,0,2,0.5
573:
1,1,1,0.5
2,2,2,0.25
4,0,2,0.5
574:
1,1,1,0.5
2,2,2,0.25
4,0,2,0.5
575:
1,1,1,0.5
2,2,2,0.25
4,0,2,0.5
576:
1,1,1,0.5
2,2,2,0.25
4,0,2,0.5
577:
1,1,1,0.5
2,2,2,0.25
4,0,2,0.5
578:
1,1,1,0.5
2,2,2,0.25
4,0,2,0.5
579:
1,1,1,0.5
2,2,2,0.25
4,0,2,0.5
580:
1,1,1,0.5
2,2,2,0.25
4,0,2,0.5
581:
1,1,1,0.5
2,2,2,0.25
4,0,2,0.5
582:
1,1,1,0.5
2,2,2,0.25
4,0,2,0.5
583:
1,1,1,0.5
2,2,2,0.25
4,0,2,0.5
584:
1,1,1,0.5
2,2,2,0.25
4,0,2,0.5
585:
1,1,1,0.5
2,2,2,0.25
4,0,2,0.5
586:
1,1,1,0.5
2,2,2,0.25
4,0,2,0.5
587:
1,1,1,0.5
2,2,2,0.25
4,0,2,0.5
588:
1,1,1,0.5
2,2,2,0.25
4,0,2,0.5
589:
1,1,1,0.5
2,2,2,0.25
4,0,2,0.5
590:
1,1,1,0.5
2,2,2,0.25
4,0,2,0.5
591:
1,1,1,0.5
2,2,2,0.25
4,0,2,0.5
592:
1,1,1,0.5
2,2,2,0.25
4,0,2,0.5
593:
1,1,1,0.5
2,2,2,0.25
4,0,2,0.5
594:
1,1,1,0.5
2,2,2,0.25
4,0,2,0.5
595:
1,1,1,0.5
2,2,2,0.25
4,0,2,0.5
596:
1,1,1,0.5
2,2,2,0.25
4,0,2,0.5
597:
1,1,1,0.5
2,2,2,0.25
4,0,2,0.5
598:
1,1,1,0.5
2,2,2,0.25
4,0,2,0.5
599:
1,1,1,0.5
2,2,2,0.25
4,0,2,0.5
600:
1,1,1,0.5
2,2,2,0.25
4,0,2,0.5
601:
1,1,1,0.5
2,2,2,0.25
4,0,2,0.5
602:
1,1,1,0.5
2,2,2,0.25
4,0,2,0.5
603:
1,1,1,0.5
2,2,2,0.25
4,0,2,0.5
604:
1,1,1,0.5
2,2,2,0.25
4,0,2,0.5
605:
1,1,1,0.5
2,2,2,0.25
4,0,2,0.5
606:
1,1,1,0.5
2,2,2,0.25
4,0,2,0.5
607:
1,1,1,0.5
2,2,2,0.25
4,0,2,0.5
608:
1,1,1,0.5
2,2,2,0.25
4,0,2,0.5
609:
1,1,1,0.5
2,2,2,0.25
4,0,2,0.5
610:
1,1,1,0.5
2,2,2,0.25
4,0,2,0.5
611:
1,1,1,0.5
2,2,2,0.25
4,0,2,0.5
612:
1,1,1,0.5
2,2,2,0.25
4,0,2,0.5
613:
1,1,1,0.5
2,2,2,0.25
4,0,2,0.5
614:
1,1,1,0.5
2,2,2,0.25
4,0,2,0.5
615:
1,1,1,0.5
2,2,2,0.25
4,0,2,0.5
616:
1,1,1,0.5
2,2,2,0.25
4,0,2,0.5
617:
1,1,1,0.5
2,2,2,0.25
4,0,2,0.5
618:
1,1,1,0.5
2,2,2,0.25
4,0,2,0.5
619:
1,1,1,0.5
2,2,2,0.25
4,0,2,0.5
620:
1,1,1,0.5
2,2,2,0.25
4,0,2,0.5
621:
1,1,1,0.5
2,2,2,0.25
4,0,2,0.5
622:
1,1,1,0.5
2,2,2,0.25
4,0,2,0.5
623:
1,1,1,0.5
2,2,2,0.25
4,0,2,0.5
624:
1,1,1,0.5
2,2,2,0.25
4,0,2,0.5
625:
1,1,1,0.5
2,2,2,0.25
4,0,2,0.5
626:
1,1,1,0.5
2,2,2,0.25
4,0,2,0.5
627:
1,1,1,0.5
2,2,2,0.25
4,0,2,0.5
628:
1,1,1,0.5
2,2,2,0.25
4,0,2,0.5
629:
1,1,1,0.5
2,2,2,0.25
4,0,2,0.5
630:
1,1,1,0.5
2,2,2,0.25
4,0,2,0.5
631:
1,1,1,0.5
2,2,2,0.25
4,0,2,0.5
632:
1,1,1,0.5
2,2,2,0.25
4,0,2,0.5
633:
1,1,1,0.5
2,2,2,0.25
4,0,2,0.5
634:
1,1,1,0.5
2,2,2,0.25
4,0,2,0.5
635:
1,1,1,0.5
2,2,2,0.25
4,0,2,0.5
636:
1,1,1,0.5
2,2,2,0.25
4,0,2,0.5
637:
1,1,1,0.5
2,2,2,0.25
4,0,2,0.5
638:
1,1,1,0.5
2,2,2,0.25
4,0,2,0.5
639:
1,1,1,0.5
2,2,2,0.25
4,0,2,0.5
640:
1,1,1,0.5
2,2,2,0.25
4,0,2,0.5
641:
1,1,1,0.5
2,2,2,0.25
4,0,2,0.5
642:
1,1,1,0.5
2,2,2,0.25
4,0,2,0.5
643:
1,1,1,0.5
2,2,2,0.25
4,0,2,0.5
644:
1,1,1,0.5
2,2,2,0.25
4,0,2,0.5
645:
1,1,1,0.5
2,2,2,0.25
4,0,2,0.5
646:
1,1,1,0.5
2,2,2,0.25
4,0,2,0.5
647:
1,1,1,0.5
2,2,2,0.25
4,0,2,0.5
648:
1,1,1,0.5
2,2,2,0.25
4,0,2,0.5
649:
1,1,1,0.5
2,2,2,0.25
4,0,2,0.5
650:
1,1,1,0.5
2,2,2,0.25
4,0,2,0.5
651:
1,1,1,0.5
2,2,2,0.25
4,0,2,0.5
652:
1,1,1,0.5
2,2,2,0.25
4,0,2,0.5
653:
1,1,1,0.5
2,2,2,0.25
4,0,2,0.5
654:
1,1,1,0.5
2,2,2,0.25
4,0,2,0.5
655:
1,1,1,0.5
2,2,2,0.25
4,0,2,0.5
656:
1,1,1,0.5
2,2,2,0.25
4,0,2,0.5
657:
1,1,1,0.5
2,2,2,0.25
4,0,2,0.5
658:
1,1,1,0.5
2,2,2,0.25
4,0,2,0.5
659:
1,1,1,0.5
2,2,2,0.25
4,0,2,0.5
660:
1,1,1,0.5
2,2,2,0.25
4,0,2,0.5
661:
1,1,1,0.5
2,2,2,0.25
4,0,2,0.5
662:
1,1,1,0.5
2,2,2,0.25
4,0,2,0.5
663:
1,1,1,0.5
2,2,2,0.25
4,0,2,0.5
664:
1,1,1,0.5
2,2,2,0.25
4,0,2,0.5
665:
1,1,1,0.5
2,2,2,0.25
4,0,2,0.5
666:
1,1,1,0.5
2,2,2,0.25
4,0,2,0.5
667:
1,1,1,0.5
2,2,2,0.25
4,0,2,0.5
668:
1,1,1,0.5
2,2,2,0.25
4,0,2,0.5
669:
1,1,1,0.5
2,2,2,0.25
4,0,2,0.5
670:
1,1,1,0.5
2,2,2,0.25
4,0,2,0.5
671:
1,1,1,0.5
2,2,2,0.25
4,0,2,0.5
672:
1,1,1,0.5
2,2,2,0.25
4,0,2,0.5
673:
1,1,1,0.5
2,2,2,0.25
4,0,2,0.5
674:
1,1,1,0.5
2,2,2,0.25
4,0,2,0.5
675:
1,1,1,0.5
2,2,2,0.25
4,0,2,0.5
676:
1,1,1,0.5
2,2,2,0.25
4,0,2,0.5
677:
1,1,1,0.5
2,2,2,0.25
4,0,2,0.5
678:
1,1,1,0.5
2,2,2,0.25
4,0,2,0.5
679:
1,1,1,0.5
2,2,2,0.25
4,0,2,0.5
680:
1,1,1,0.5
2,2,2,0.25
4,0,2,0.5
681:
1,1,1,0.5
2,2,2,0.25
4,0,2,0.5
682:
1,1,1,0.5
2,2,2,0.25
4,0,2,0.5
683:
1,1,1,0.5
2,2,2,0.25
4,0,2,0.5
684:
1,1,1,0.5
2,2,2,0.25
4,0,2,0.5
685:
1,1,1,0.5
2,2,2,0.25
4,0,2,0.5
686:
1,1,1,0.5
2,2,2,0.25
4,0,2,0.5
687:
1,1,1,0.5
2,2,2,0.25
4,0,2,0.5
688:
1,1,1,0.5
2,2,2,0.25
4,0,2,0.5
689:
1,1,1,0.5
2,2,2,0.25
4,0,2,0.5
690:
1,1,1,0.5
2,2,2,0.25
4,0,2,0.5
691:
1,1,1,0.5
2,2,2,0.25
4,0,2,0.5
692:
1,1,1,0.5
2,2,2,0.25
4,0,2,0.5
693:
1,1,1,0.5
2,2,2,0.25
4,0,2,0.5
694:
1,1,1,0.5
2,2,2,0.25
4,0,2,0.5
695:
1,1,1,0.5
2,2,2,0.25
4,0,2,0.5
696:
1,1,1,0.5
2,2,2,0.25
4,0,2,0.5
697:
1,1,1,0.5
2,2,2,0.25
4,0,2,0.5
698:
1,1,1,0.5
2,2,2,0.25
4,0,2,0.5
699:
1,1,1,0.5
2,2,2,0.25
4,0,2,0.5
700:
1,1,1,0.5
2,2,2,0.25
4,0,2,0.5
701:
1,1,1,0.5
2,2,2,0.25
4,0,2,0.5
702:
1,1,1,0.5
2,2,2,0.25
4,0,2,0.5
703:
1,1,1,0.5
2,2,2,0.25
4,0,2,0.5
704:
1,1,1,0.5
2,2,2,0.25
4,0,2,0.5
705:
1,1,1,0.5
2,2,2,0.25
4,0,2,0.5
706:
1,1,1,0.5
2,2,2,0.25
4,0,2,0.5
707:
1,1,1,0.5
2,2,2,0.25
4,0,2,0.5
708:
1,1,1,0.5
2,2,2,0.25
4,0,2,0.5
709:
1,1,1,0.5
2,2,2,0.25
4,0,2,0.5
710:
1,1,1,0.5
2,2,2,0.25
4,0,2,0.5
711:
1,1,1,0.5
2,2,2,0.25
4,0,2,0.5
712:
1,1,1,0.5
2,2,2,0.25
4,0,2,0.5
713:
1,1,1,0.5
2,2,2,0.25
4,0,2,0.5
714:
1,1,1,0.5
2,2,2,0.25
4,0,2,0.5
715:
1,1,1,0.5
2,2,2,0.25
4,0,2,0.5
716:
1,1,1,0.5
2,2,2,0.25
4,0,2,0.5
717:
1,1,1,0.5
2,2,2,0.25
4,0,2,0.5
718:
1,1,1,0.5
2,2,2,0.25
4,0,2,0.5
719:
1,1,1,0.5
2,2,2,0.25
4,0,2,0.5
720:
1,1,1,0.5
2,2,2,0.25
4,0,2,0.5
721:
1,1,1,0.5
2,2,2,0.25
4,0,2,0.5
722:
1,1,1,0.5
2,2,2,0.25
4,0,2,0.5
723:
1,1,1,0.5
2,2,2,0.25
4,0,2,0.5
724:
1,1,1,0.5
2,2,2,0.25
4,0,2,0.5
725:
1,1,1,0.5
2,2,2,0.25
4,0,2,0.5
726:
1,1,1,0.5
2,2,2,0.25
4,0,2,0.5
727:
1,1,1,0.5
2,2,2,0.25
4,0,2,0.5
728:
1,1,1,0.5
2,2,2,0.25
4,0,2,0.5
729:
1,1,1,0.5
2,2,2,0.25
4,0,2,0.5
730:
1,1,1,0.5
2,2,2,0.25
4,0,2,0.5
731:
1,1,1,0.5
2,2,2,0.25
4,0,2,0.5
732:
1,1,1,0.5
2,2,2,0.25
4,0,2,0.5
733:
1,1,1,0.5
2,2,2,0.25
4,0,2,0.5
734:
1,1,1,0.5
2,2,2,0.25
4,0,2,0.5
735:
1,1,1,0.5
2,2,2,0.25
4,0,2,0.5
736:
1,1,1,0.5
2,2,2,0.25
4,0,2,0.5
737:
1,1,1,0.5
2,2,2,0.25
4,0,2,0.5
738:
1,1,1,0.5
2,2,2,0.25
4,0,2,0.5
739:
1,1,1,0.5
2,2,2,0.25
4,0,2,0.5
740:
1,1,1,0.5
2,2,2,0.25
4,0,2,0.5
741:
1,1,1,0.5
2,2,2,0.25
4,0,2,0.5
742:
1,1,1,0.5
2,2,2,0.25
4,0,2,0.5
743:
1,1,1,0.5
2,2,2,0.25
4,0,2,0.5
744:
1,1,1,0.5
2,2,2,0.25
4,0,2,0.5
745:
1,1,1,0.5
2,2,2,0.25
4,0,2,0.5
746:
1,1,1,0.5
2,2,2,0.25
4,0,2,0.5
747:
1,1,1,0.5
2,2,2,0.25
4,0,2,0.5
748:
1,1,1,0.5
2,2,2,0.25
4,0,2,0.5
749:
1,1,1,0.5
2,2,2,0.25
4,0,2,0.5
750:
1,1,1,0.5
2,2,2,0.25
4,0,2,0.5
751:
1,1,1,0.5
2,2,2,0.25
4,0,2,0.5
752:
1,1,1,0.5
2,2,2,0.25
4,0,2,0.5
753:
1,1,1,0.5
2,2,2,0.25
4,0,2,0.5
754:
1,1,1,0.5
2,2,2,0.25
4,0,2,0.5
755:
1,1,1,0.5
2,2,2,0.25
4,0,2,0.5
756:
1,1,1,0.5
2,2,2,0.25
4,0,2,0.5
757:
1,1,1,0.5
2,2,2,0.25
4,0,2,0.5
758:
1,1,1,0.5
2,2,2,0.25
4,0,2,0.5
759:
1,1,1,0.5
2,2,2,0.25
4,0,2,0.5
760:
1,1,1,0.5
2,2,2,0.25
4,0,2,0.5
761:
1,1,1,0.5
2,2,2,0.25
4,0,2,0.5
762:
1,1,1,0.5
2,2,2,0.25
4,0,2,0.5
763:
1,1,1,0.5
2,2,2,0.25
4,0,2,0.5
764:
1,1,1,0.5
2,2,2,0.25
4,0,2,0.5
765:
1,1,1,0.5
2,2,2,0.25
4,0,2,0.5
766:
1,1,1,0.5
2,2,2,0.25
4,0,2,0.5
767:
1,1,1,0.5
2,2,2,0.25
4,0,2,0.5
768:
1,1,1,0.5
2,2,2,0.25
4,0,2,0.5
769:
1,1,1,0.5
2,2,2,0.25
4,0,2,0.5
770:
1,1,1,0.5
2,2,2,0.25
4,0,2,0.5
771:
1,1,1,0.5
2,2,2,0.25
4,0,2,0.5
772:
1,1,1,0.5
2,2,2,0.25
4,0,2,0.5
773:
1,1,1,0.5
2,2,2,0.25
4,0,2,0.5
774:
1,1,1,0.5
2,2,2,0.25
4,0,2,0.5
775:
1,1,1,0.5
2,2,2,0.25
4,0,2,0.5
776:
1,1,1,0.5
2,2,2,0.25
4,0,2,0.5
777:
1,1,1,0.5
2,2,2,0.25
4,0,2,0.5
778:
1,1,1,0.5
2,2,2,0.25
4,0,2,0.5
779:
1,1,1,0.5
2,2,2,0.25
4,0,2,0.5
780:
1,1,1,0.5
2,2,2,0.25
4,0,2,0.5
781:
1,1,1,0.5
2,2,2,0.25
4,0,2,0.5
782:
1,1,1,0.5
2,2,2,0.25
4,0,2,0.5
783:
1,1,1,0.5
2,2,2,0.25
4,0,2,0.5
784:
1,1,1,0.5
2,2,2,0.25
4,0,2,0.5
785:
1,1,1,0.5
2,2,2,0.25
4,0,2,0.5
786:
1,1,1,0.5
2,2,2,0.25
4,0,2,0.5
787:
1,1,1,0.5
2,2,2,0.25
4,0,2,0.5
788:
1,1,1,0.5
2,2,2,0.25
4,0,2,0.5
789:
1,1,1,0.5
2,2,2,0.25
4,0,2,0.5
790:
1,1,1,0.5
2,2,2,0.25
4,0,2,0.5
791:
1,1,1,0.5
2,2,2,0.25
4,0,2,0.5
792:
1,1,1,0.5
2,2,2,0.25
4,0,2,0.5
793:
1,1,1,0.5
2,2,2,0.25
4,0,2,0.5
794:
1,1,1,0.5
2,2,2,0.25
4,0,2,0.5
795:
1,1,1,0.5
2,2,2,0.25
4,0,2,0.5
796:
1,1,1,0.5
2,2,2,0.25
4,0,2,0.5
797:
1,1,1,0.5
2,2,2,0.25
4,0,2,0.5
798:
1,1,1,0.5
2,2,2,0.25
4,0,2,0.5
799:
1,1,1,0.5
2,2,2,0.25
4,0,2,0.5
800:
1,1,1,0.5
2,2,2,0.25
4,0,2,0.5
801:
1,1,1,0.5
2,2,2,0.25
4,0,2,0.5
802:
1,1,1,0.5
2,2,2,0.25
4,0,2,0.5
803:
1,1,1,0.5
2,2,2,0.25
4,0,2,0.5
804:
1,1,1,0.5
2,2,2,0.25
4,0,2,0.5
805:
1,1,1,0.5
2,2,2,0.25
4,0,2,0.5
806:
1,1,1,0.5
2,2,2,0.25
4,0,2,0.5
807:
1,1,1,0.5
2,2,2,0.25
4,0,2,0.5
808:
1,1,1,0.5
2,2,2,0.25
4,0,2,0.5
809:
1,1,1,0.5
2,2,2,0.25
4,0,2,0.5
810:
1,1,1,0.5
2,2,2,0.25
4,0,2,0.5
811:
1,1,1,0.5
2,2,2,0.25
4,0,2,0.5
812:
1,1,1,0.5
2,2,2,0.25
4,0,2,0.5
813:
1,1,1,0.5
2,2,2,0.25
4,0,2,0.5
814:
1,1,1,0.5
2,2,2,0.25
4,0,2,0.5
815:
1,1,1,0.5
2,2,2,0.25
4,0,2,0.5
816:
1,1,1,0.5
2,2,2,0.25
4,0,2,0.5
817:
1,1,1,0.5
2,2,2,0.25
4,0,2,0.5
818:
1,1,1,0.5
2,2,2,0.25
4,0,2,0.5
819:
1,1,1,0.5
2,2,2,0.25
4,0,2,0.5
820:
1,1,1,0.5
2,2,2,0.25
4,0,2,0.5
821:
1,1,1,0.5
2,2,2,0.25
4,0,2,0.5
822:
1,1,1,0.5
2,2,2,0.25
4,0,2,0.5
823:
1,1,1,0.5
2,2,2,0.25
4,0,2,0.5
824:
1,1,1,0.5
2,2,2,0.25
4,0,2,0.5
825:
1,1,1,0.5
2,2,2,0.25
4,0,2,0.5
826:
1,1,1,0.5
2,2,2,0.25
4,0,2,0.5
827:
1,1,1,0.5
2,2,2,0.25
4,0,2,0.5
828:
1,1,1,0.5
2,2,2,0.25
4,0,2,0.5
829:
1,1,1,0.5
2,2,2,0.25
4,0,2,0.5
830:
1,1,1,0.5
2,2,2,0.25
4,0,2,0.5
831:
1,1,1,0.5
2,2,2,0.25
4,0,2,0.5
832:
1,1,1,0.5
2,2,2,0.25
4,0,2,0.5
833:
1,1,1,0.5
2,2,2,0.25
4,0,2,0.5
834:
1,1,1,0.5
2,2,2,0.25
4,0,2,0.5
835:
1,1,1,0.5
2,2,2,0.25
4,0,2,0.5
836:
1,1,1,0.5
2,2,2,0.25
4,0,2,0.5
837:
1,1,1,0.5
2,2,2,0.25
4,0,2,0.5
838:
1,1,1,0.5
2,2,2,0.25
4,0,2,0.5
839:
1,1,1,0.5
2,2,2,0.25
4,0,2,0.5
840:
1,1,1,0.5
2,2,2,0.25
4,0,2,0.5
841:
1,1,1,0.5
2,2,2,0.25
4,0,2,0.5
842:
1,1,1,0.5
2,2,2,0.25
4,0,2,0.5
843:
1,1,1,0.5
2,2,2,0.25
4,0,2,0.5
844:
1,1,1,0.5
2,2,2,0.25
4,0,2,0.5
845:
1,1,1,0.5
2,2,2,0.25
4,0,2,0.5
846:
1,1,1,0.5
2,2,2,0.25
4,0,2,0.5
847:
1,1,1,0.5
2,2,2,0.25
4,0,2,0.5
848:
1,1,1,0.5
2,2,2,0.25
4,0,2,0.5
849:
1,1,1,0.5
2,2,2,0.25
4,0,2,0.5
850:
1,1,1,0.5
2,2,2,0.25
4,0,2,0.5
851:
1,1,1,0.5
2,2,2,0.25
4,0,2,0.5
852:
1,1,1,0.5
2,2,2,0.25
4,0,2,0.5
853:
1,1,1,0.5
2,2,2,0.25
4,0,2,0.5
854:
1,1,1,0.5
2,2,2,0.25
4,0,2,0.5
855:
1,1,1,0.5
2,2,2,0.25
4,0,2,0.5
856:
1,1,1,0.5
2,2,2,0.25
4,0,2,0.5
857:
1,1,1,0.5
2,2,2,0.25
4,0,2,0.5
858:
1,1,1,0.5
2,2,2,0.25
4,0,2,0.5
859:
1,1,1,0.5
2,2,2,0.25
4,0,2,0.5
860:
1,1,1,0.5
2,2,2,0.25
4,0,2,0.5
861:
1,1,1,0.5
2,2,2,0.25
4,0,2,0.5
862:
1,1,1,0.5
2,2,2,0.25
4,0,2,0.5
863:
1,1,1,0.5
2,2,2,0.25
4,0,2,0.5
864:
1,1,1,0.5
2,2,2,0.25
4,0,2,0.5
865:
1,1,1,0.5
2,2,2,0.25
4,0,2,0.5
866:
1,1,1,0.5
2,2,2,0.25
4,0,2,0.5
867:
1,1,1,0.5
2,2,2,0.25
4,0,2,0.5
868:
1,1,1,0.5
2,2,2,0.25
4,0,2,0.5
869:
1,1,1,0.5
2,2,2,0.25
4,0,2,0.5
870:
1,1,1,0.5
2,2,2,0.25
4,0,2,0.5
871:
1,1,1,0.5
2,2,2,0.25
4,0,2,0.5
872:
1,1,1,0.5
2,2,2,0.25
4,0,2,0.5
873:
1,1,1,0.5
2,2,2,0.25
4,0,2,0.5
874:
1,1,1,0.5
2,2,2,0.25
4,0,2,0.5
875:
1,1,1,0.5
2,2,2,0.25
4,0,2,0.5
876:
1,1,1,0.5
2,2,2,0.25
4,0,2,0.5
877:
1,1,1,0.5
2,2,2,0.25
4,0,2,0.5
878:
1,1,1,0.5
2,2,2,0.25
4,0,2,0.5
879:
1,1,1,0.5
2,2,2,0.25
4,0,2,0.5
880:
1,1,1,0.5
2,2,2,0.25
4,0,2,0.5
881:
1,1,1,0.5
2,2,2,0.25
4,0,2,0.5
882:
1,1,1,0.5
2,2,2,0.25
4,0,2,0.5
883:
1,1,1,0.5
2,2,2,0.25
4,0,2,0.5
884:
1,1,1,0.5
2,2,2,0.25
4,0,2,0.5
885:
1,1,1,0.5
2,2,2,0.25
4,0,2,0.5
886:
1,1,1,0.5
2,2,2,0.25
4,0,2,0.5
887:
1,1,1,0.5
2,2,2,0.25
4,0,2,0.5
888:
1,1,1,0.5
2,2,2,0.25
4,0,2,0.5
889:
1,1,1,0.5
2,2,2,0.25
4,0,2,0.5
890:
1,1,1,0.5
2,2,2,0.25
4,0,2,0.5
891:
1,1,1,0.5
2,2,2,0.25
4,0,2,0.5
892:
1,1,1,0.5
2,2,2,0.25
4,0,2,0.5
893:
1,1,1,0.5
2,2,2,0.25
4,0,2,0.5
894:
1,1,1,0.5
2,2,2,0.25
4,0,2,0.5
895:
1,1,1,0.5
2,2,2,0.25
4,0,2,0.5
896:
1,1,1,0.5
2,2,2,0.25
4,0,2,0.5
897:
1,1,1,0.5
2,2,2,0.25
4,0,2,0.5
898:
1,1,1,0.5
2,2,2,0.25
4,0,2,0.5
899:
1,1,1,0.5
2,2,2,0.25
4,0,2,0.5
900:
1,1,1,0.5
2,2,2,0.25
4,0,2,0.5
901:
1,1,1,0.5
2,2,2,0.25
4,0,2,0.5
902:
1,1,1,0.5
2,2,2,0.25
4,0,2,0.5
903:
1,1,1,0.5
2,2,2,0.25
4,0,2,0.5
904:
1,1,1,0.5
2,2,2,0.25
4,0,2,0.5
905:
1,1,1,0.5
2,2,2,0.25
4,0,2,0.5
906:
1,1,1,0.5
2,2,2,0.25
4,0,2,0.5
907:
1,1,1,0.5
2,2,2,0.25
4,0,2,0.5
908:
1,1,1,0.5
2,2,2,0.25
4,0,2,0.5
909:
1,1,1,0.5
2,2,2,0.25
4,0,2,0.5
910:
1,1,1,0.5
2,2,2,0.25
4,0,2,0.5
911:
1,1,1,0.5
2,2,2,0.25
4,0,2,0.5
912:
1,1,1,0.5
2,2,2,0.25
4,0,2,0.5
913:
1,1,1,0.5
2,2,2,0.25
4,0,2,0.5
914:
1,1,1,0.5
2,2,2,0.25
4,0,2,0.5
915:
1,1,1,0.5
2,2,2,0.25
4,0,2,0.5
916:
1,1,1,0.5
2,2,2,0.25
4,0,2,0.5
917:
1,1,1,0.5
2,2,2,0.25
4,0,2,0.5
918:
1,1,1,0.5
2,2,2,0.25
4,0,2,0.5
919:
1,1,1,0.5
2,2,2,0.25
4,0,2,0.5
920:
1,1,1,0.5
2,2,2,0.25
4,0,2,0.5
921:
1,1,1,0.5
2,2,2,0.25
4,0,2,0.5
922:
1,1,1,0.5
2,2,2,0.25
4,0,2,0.5
923:
1,1,1,0.5
2,2,2,0.25
4,0,2,0.5
924:
1,1,1,0.5
2,2,2,0.25
4,0,2,0.5
925:
1,1,1,0.5
2,2,2,0.25
4,0,2,0.5
926:
1,1,1,0.5
2,2,2,0.25
4,0,2,0.5
